xof 0303txt 0032
template XSkinMeshHeader {
 <3cf169ce-ff7c-44ab-93c0-f78f62d172e2>
 WORD nMaxSkinWeightsPerVertex;
 WORD nMaxSkinWeightsPerFace;
 WORD nBones;
}

template VertexDuplicationIndices {
 <b8d65549-d7c9-4995-89cf-53a9a8b031e3>
 DWORD nIndices;
 DWORD nOriginalVertices;
 array DWORD indices[nIndices];
}

template SkinWeights {
 <6f0d123b-bad2-4167-a0d0-80224f25fabb>
 STRING transformNodeName;
 DWORD nWeights;
 array DWORD vertexIndices[nWeights];
 array FLOAT weights[nWeights];
 Matrix4x4 matrixOffset;
}

template AnimTicksPerSecond {
 <9e415a43-7ba6-4a73-8743-b73d47e88476>
 DWORD AnimTicksPerSecond;
}

template VertexElement {
 <f752461c-1e23-48f6-b9f8-8350850f336f>
 DWORD Type;
 DWORD Method;
 DWORD Usage;
 DWORD UsageIndex;
}

template DeclData {
 <bf22e553-292c-4781-9fea-62bd554bdd93>
 DWORD nElements;
 array VertexElement Elements[nElements];
 DWORD nDWords;
 array DWORD data[nDWords];
}


AnimTicksPerSecond {
 4800;
}

Frame Dummy01 {


 FrameTransformMatrix {
  1.000000,0.000000,0.000000,0.000000,0.000000,-0.000000,-1.000000,0.000000,0.000000,1.000000,-0.000000,0.000000,0.000000,0.000000,0.000000,1.000000;;
 }

 Frame Bip01 {


  FrameTransformMatrix {
   0.484444,0.819615,-0.305852,0.000000,0.122471,0.282633,0.951378,0.000000,0.866207,-0.498347,0.036540,0.000000,0.000000,-0.050407,0.508268,1.000000;;
  }

  Frame Bip01_Pelvis {


   FrameTransformMatrix {
    -0.000000,1.000000,-0.000001,0.000000,0.087154,0.000001,0.996195,0.000000,0.996195,-0.000000,-0.087154,0.000000,0.000000,0.000000,0.000000,1.000000;;
   }

   Frame Bip01_Spine {


    FrameTransformMatrix {
     0.998192,-0.005238,-0.059886,0.000000,-0.000001,0.996195,-0.087152,0.000000,0.060114,0.086994,0.994393,0.000000,0.051628,-0.000007,-0.000084,1.000000;;
    }

    Frame Bip01_Spine1 {


     FrameTransformMatrix {
      0.944325,-0.155507,0.289944,0.000000,0.115539,0.981865,0.150304,0.000000,-0.308059,-0.108435,0.945168,0.000000,0.106506,0.000009,-0.000080,1.000000;;
     }

     Frame Bip01_Neck {


      FrameTransformMatrix {
       0.903366,0.000001,0.428870,0.000000,-0.000001,1.000000,-0.000000,0.000000,-0.428870,-0.000000,0.903366,0.000000,0.130516,0.000000,0.004628,1.000000;;
      }

      Frame Bip01_Head {


       FrameTransformMatrix {
        0.909554,-0.336217,0.244276,0.000000,0.282256,0.931187,0.230699,0.000000,-0.305031,-0.140885,0.941864,0.000000,0.033674,0.000000,0.000000,1.000000;;
       }

       Frame Bip01_HeadNub {


        FrameTransformMatrix {
         1.000000,0.000000,0.000000,0.000000,0.000000,1.000000,-0.000000,0.000000,-0.000000,0.000000,1.000000,0.000000,0.169824,0.000000,0.000000,1.000000;;
        }
       }
      }

      Frame Bip01_L_Clavicle {


       FrameTransformMatrix {
        -0.000000,1.000000,-0.000003,0.000000,0.903024,-0.000001,-0.429590,0.000000,-0.429590,-0.000003,-0.903024,0.000000,-0.023698,0.015715,0.006128,1.000000;;
       }

       Frame Bip01_L_UpperArm {


        FrameTransformMatrix {
         0.255479,-0.912319,-0.320008,0.000000,0.628607,0.408226,-0.661971,0.000000,0.734564,-0.032040,0.677783,0.000000,0.087086,-0.000000,-0.000000,1.000000;;
        }

        Frame Bip01_L_Forearm {


         FrameTransformMatrix {
          0.823668,0.000000,-0.567072,0.000000,-0.000000,1.000000,0.000000,0.000000,0.567072,-0.000000,0.823668,0.000000,0.137062,0.000000,0.000000,1.000000;;
         }

         Frame Bip01_L_Hand {


          FrameTransformMatrix {
           0.971486,-0.212704,0.104747,0.000000,-0.102153,0.023181,0.994499,0.000000,-0.213962,-0.976842,0.000792,0.000000,0.137062,-0.000000,0.000000,1.000000;;
          }

          Frame Bip01_L_Finger0 {


           FrameTransformMatrix {
            0.556874,-0.020367,0.830347,0.000000,0.558537,0.749101,-0.356210,0.000000,-0.614759,0.662144,0.428531,0.000000,0.057681,-0.023605,-0.000272,1.000000;;
           }

           Frame Bip01_L_Finger0Nub {


            FrameTransformMatrix {
             1.000000,0.000000,-0.000000,0.000000,0.000000,1.000000,-0.000000,0.000000,-0.000000,0.000000,1.000000,0.000000,0.029435,0.000000,0.000000,1.000000;;
            }
           }
          }

          Frame Bip01_L_Finger1 {


           FrameTransformMatrix {
            -0.342274,-0.000748,0.939600,0.000000,0.000000,1.000000,0.000796,0.000000,-0.939600,0.000273,-0.342274,0.000000,0.084102,-0.000000,0.000000,1.000000;;
           }

           Frame Bip01_L_Finger1Nub {


            FrameTransformMatrix {
             1.000000,0.000000,0.000000,0.000000,0.000000,1.000000,0.000000,0.000000,0.000000,0.000000,1.000000,0.000000,0.047988,-0.000000,0.000000,1.000000;;
            }
           }
          }
         }
        }
       }
      }

      Frame Bip01_R_Clavicle {


       FrameTransformMatrix {
        -0.000000,-1.000000,0.000003,0.000000,-0.903024,0.000001,0.429590,0.000000,-0.429590,-0.000003,-0.903024,0.000000,-0.023698,-0.015715,0.006128,1.000000;;
       }

       Frame Bip01_R_UpperArm {


        FrameTransformMatrix {
         0.313047,0.948166,-0.054615,0.000000,-0.871946,0.309724,0.379185,0.000000,0.376446,-0.071082,0.923708,0.000000,0.087086,-0.000000,0.000000,1.000000;;
        }

        Frame Bip01_R_Forearm {


         FrameTransformMatrix {
          0.811989,0.000000,-0.583672,0.000000,0.000000,1.000000,0.000000,0.000000,0.583672,0.000000,0.811989,0.000000,0.137062,0.000000,0.000000,1.000000;;
         }

         Frame Bip01_R_Hand {


          FrameTransformMatrix {
           0.876605,0.385158,-0.288474,0.000000,-0.438815,0.393779,-0.807700,0.000000,-0.197497,0.834621,0.514202,0.000000,0.137062,0.000000,-0.000000,1.000000;;
          }

          Frame Bip01_R_Finger0 {


           FrameTransformMatrix {
            0.556874,0.020367,0.830347,0.000000,-0.558537,0.749101,0.356210,0.000000,-0.614759,-0.662144,0.428531,0.000000,0.057681,0.023605,-0.000272,1.000000;;
           }

           Frame Bip01_R_Finger0Nub {


            FrameTransformMatrix {
             -1.000000,0.000000,-0.000000,0.000000,-0.000000,1.000000,0.000000,0.000000,-0.000000,-0.000000,-1.000000,0.000000,0.029435,0.000000,0.000000,1.000000;;
            }
           }
          }

          Frame Bip01_R_Finger1 {


           FrameTransformMatrix {
            -0.342274,0.000748,0.939600,0.000000,-0.000000,1.000000,-0.000796,0.000000,-0.939600,-0.000273,-0.342274,0.000000,0.084102,-0.000000,0.000000,1.000000;;
           }

           Frame Bip01_R_Finger1Nub {


            FrameTransformMatrix {
             -1.000000,-0.000000,0.000000,0.000000,-0.000000,1.000000,0.000000,0.000000,-0.000000,0.000000,-1.000000,0.000000,0.047988,0.000000,0.000000,1.000000;;
            }
           }
          }
         }
        }
       }
      }
     }

     Frame Bip01_BackPack {


      FrameTransformMatrix {
       0.180560,0.080500,-0.980264,0.000000,0.047560,0.994764,0.090451,0.000000,0.982413,-0.062954,0.175786,0.000000,0.063697,0.000003,-0.088856,1.000000;;
      }

      Frame Bip01_BackPackNub {


       FrameTransformMatrix {
        0.000796,0.000003,1.000000,0.000000,0.000000,-1.000000,0.000003,0.000000,1.000000,-0.000000,-0.000796,0.000000,0.053240,0.000000,0.000000,1.000000;;
       }
      }
     }
    }

    Frame Bip01_L_Thigh {


     FrameTransformMatrix {
      -0.901001,0.078748,0.426609,0.000000,-0.142538,-0.982528,-0.119677,0.000000,0.409731,-0.168637,0.896483,0.000000,-0.051829,0.055015,0.001785,1.000000;;
     }

     Frame Bip01_L_Calf {


      FrameTransformMatrix {
       0.963700,-0.000000,-0.266989,0.000000,-0.000000,1.000000,-0.000000,0.000000,0.266989,0.000000,0.963700,0.000000,0.237500,0.000000,0.000000,1.000000;;
      }

      Frame Bip01_L_Foot {


       FrameTransformMatrix {
        0.985569,0.146808,0.084275,0.000000,-0.159563,0.971920,0.172947,0.000000,-0.056518,-0.183898,0.981319,0.000000,0.206841,-0.000000,0.000000,1.000000;;
       }

       Frame Bip01_L_Toe0 {


        FrameTransformMatrix {
         -0.000339,0.000049,1.000000,0.000000,-0.000049,1.000000,-0.000049,0.000000,-1.000000,-0.000049,-0.000339,0.000000,0.065373,0.000000,0.066450,1.000000;;
        }

        Frame Bip01_L_Toe0Nub {


         FrameTransformMatrix {
          -1.000000,0.000000,-0.000000,0.000000,-0.000000,1.000000,0.000000,0.000000,0.000000,0.000000,-1.000000,0.000000,0.006735,0.000000,0.000000,1.000000;;
         }
        }
       }
      }
     }
    }

    Frame Bip01_R_Thigh {


     FrameTransformMatrix {
      -0.875561,-0.110252,0.470360,0.000000,0.076549,-0.992972,-0.090257,0.000000,0.477005,-0.043020,0.877847,0.000000,-0.051251,-0.055015,-0.007823,1.000000;;
     }

     Frame Bip01_R_Calf {


      FrameTransformMatrix {
       0.926854,0.000000,-0.375422,0.000000,0.000000,1.000000,0.000000,0.000000,0.375422,0.000000,0.926854,0.000000,0.237500,-0.000000,0.000000,1.000000;;
      }

      Frame Bip01_R_Foot {


       FrameTransformMatrix {
        0.995124,-0.067886,0.071559,0.000000,0.004219,0.754113,0.656731,0.000000,-0.098547,-0.653227,0.750722,0.000000,0.206841,-0.000000,0.000000,1.000000;;
       }

       Frame Bip01_R_Toe0 {


        FrameTransformMatrix {
         -0.086574,0.000079,0.996245,0.000000,-0.000086,1.000000,-0.000087,0.000000,-0.996246,-0.000093,-0.086574,0.000000,0.065373,0.000000,0.066450,1.000000;;
        }

        Frame Bip01_R_Toe0Nub {


         FrameTransformMatrix {
          1.000000,0.000000,0.000000,0.000000,0.000000,1.000000,-0.000000,0.000000,0.000000,0.000000,1.000000,0.000000,0.006735,0.000000,0.000000,1.000000;;
         }
        }
       }
      }
     }
    }
   }

   Frame Bip01_DressFront {


    FrameTransformMatrix {
     -0.830864,-0.008445,0.556411,0.000000,-0.032673,0.998900,-0.033627,0.000000,-0.555515,-0.046119,-0.830227,0.000000,-0.043921,0.001406,0.061063,1.000000;;
    }

    Frame Bip01_DressFront02 {


     FrameTransformMatrix {
      0.946511,0.081243,0.312276,0.000000,-0.077173,0.996694,-0.025393,0.000000,-0.313307,-0.000065,0.949652,0.000000,0.183366,0.000000,-0.000125,1.000000;;
     }

     Frame Bip01_DressFrontNub {


      FrameTransformMatrix {
       0.000796,0.000003,1.000000,0.000000,-0.000000,-1.000000,0.000003,0.000000,1.000000,0.000000,-0.000796,0.000000,0.165302,0.000000,0.000000,1.000000;;
      }
     }
    }
   }

   Frame Bip01_DressBack {


    FrameTransformMatrix {
     -0.830380,0.045218,0.555361,0.000000,-0.011734,0.995061,-0.098565,0.000000,-0.557075,-0.088363,-0.825748,0.000000,-0.047654,0.000012,-0.078304,1.000000;;
    }

    Frame Bip01_DressBack02 {


     FrameTransformMatrix {
      0.961427,0.000001,0.275061,0.000000,-0.000001,1.000000,-0.000000,0.000000,-0.275061,-0.000000,0.961427,0.000000,0.176189,-0.000000,-0.000105,1.000000;;
     }

     Frame Bip01_DressBackNub {


      FrameTransformMatrix {
       0.000796,0.000003,1.000000,0.000000,0.000000,-1.000000,0.000003,0.000000,1.000000,-0.000000,-0.000796,0.000000,0.136508,-0.000000,-0.000000,1.000000;;
      }
     }
    }
   }
  }

  Frame Bip01_Prop1 {


   FrameTransformMatrix {
    0.422404,-0.045727,-0.905253,0.000000,0.725946,-0.580963,0.368083,0.000000,-0.542750,-0.812645,-0.212206,0.000000,0.024908,-0.011984,-0.136265,1.000000;;
   }
  }

  Frame Bip01_Prop2 {


   FrameTransformMatrix {
    -0.281927,-0.036760,0.958732,0.000000,-0.179355,0.983670,-0.015025,0.000000,-0.942523,-0.176189,-0.283916,0.000000,0.109229,0.024051,0.111682,1.000000;;
   }
  }
 }
}

Frame Translation_Data {


 FrameTransformMatrix {
  -0.000000,0.000000,-1.000000,0.000000,-1.000000,-0.000000,0.000000,0.000000,-0.000000,1.000000,0.000000,0.000000,0.000000,-0.000000,0.000000,1.000000;;
 }
}

Frame Body {


 FrameTransformMatrix {
  1.000000,0.000000,0.000000,0.000000,0.000000,1.000000,0.000000,0.000000,0.000000,0.000000,1.000000,0.000000,0.000000,0.000000,0.000000,1.000000;;
 }

 Mesh Body {
  1389;
  0.100608;0.748407;-0.048488;,
  0.059305;0.765276;-0.059587;,
  0.067446;0.732570;-0.055997;,
  0.110647;0.730322;-0.037291;,
  0.113266;0.715133;-0.026312;,
  0.078049;0.698138;-0.051452;,
  0.090506;0.671604;-0.030691;,
  0.112638;0.690682;0.006733;,
  0.049000;0.801702;-0.040056;,
  0.087473;0.791557;-0.023309;,
  0.085388;0.799565;0.007755;,
  0.053491;0.801594;0.000429;,
  0.065723;0.567969;0.105178;,
  0.017833;0.570583;0.109880;,
  0.021216;0.580198;0.102119;,
  0.061097;0.576704;0.097297;,
  0.080205;0.561200;0.046802;,
  0.081093;0.540956;0.075117;,
  0.067754;0.547549;0.009453;,
  0.053875;0.497348;0.032443;,
  0.076621;0.510918;0.050197;,
  0.040882;0.693823;-0.068346;,
  0.043597;0.662279;-0.056354;,
  -0.020636;0.566039;0.093028;,
  -0.017497;0.577490;0.083738;,
  0.035161;0.684385;0.087375;,
  -0.013342;0.682904;0.068537;,
  -0.009747;0.724705;0.056012;,
  0.044487;0.729858;0.072876;,
  0.070218;0.472237;0.034441;,
  0.093719;0.379416;0.021335;,
  0.119813;0.377347;0.060962;,
  0.089722;0.471885;0.080675;,
  0.110052;0.285661;0.009110;,
  0.121898;0.283401;0.060614;,
  0.019384;0.466996;0.033882;,
  -0.012590;0.446783;0.116964;,
  0.021949;0.358090;0.100770;,
  0.041071;0.369449;0.028129;,
  0.058515;0.275388;0.078001;,
  0.070542;0.276161;0.037485;,
  0.064559;0.452462;0.133943;,
  0.098515;0.368189;0.121442;,
  0.096084;0.282657;0.092150;,
  0.125720;0.006972;0.097841;,
  0.089249;0.006948;0.071480;,
  0.068093;0.007541;0.115473;,
  0.097810;0.007515;0.133693;,
  0.108667;0.227285;0.036125;,
  0.113694;0.153821;0.044415;,
  0.130747;0.156658;0.081587;,
  0.127682;0.230929;0.074075;,
  0.122129;0.075190;0.055953;,
  0.128296;0.076894;0.090101;,
  0.063441;0.205474;0.045255;,
  0.044132;0.223131;0.094470;,
  0.059195;0.159010;0.095049;,
  0.077485;0.149040;0.057630;,
  0.088417;0.085546;0.097100;,
  0.097565;0.068216;0.069656;,
  0.110083;0.238907;0.119584;,
  0.117103;0.164747;0.116717;,
  0.110042;0.092321;0.106575;,
  0.080979;0.515149;0.090312;,
  0.020641;0.485976;0.006959;,
  0.010715;0.457467;0.028751;,
  0.019384;0.466996;0.033882;,
  0.059780;0.526892;0.139264;,
  0.004554;0.532549;0.139031;,
  0.057402;0.470899;0.141402;,
  0.005750;0.477786;0.143613;,
  0.028841;0.632353;0.094523;,
  0.071063;0.679105;0.086697;,
  0.088936;0.678648;0.075889;,
  0.105936;0.662961;0.028325;,
  0.084789;0.614959;0.041477;,
  0.068737;0.627311;0.087532;,
  0.089938;0.646331;-0.014448;,
  0.077253;0.601744;0.007978;,
  0.045677;0.644810;-0.043285;,
  0.035569;0.593347;-0.016541;,
  0.133914;0.725029;-0.038795;,
  0.086097;0.732125;-0.015155;,
  0.154093;0.681134;-0.023597;,
  0.100688;0.675223;0.002914;,
  0.121579;0.631212;0.020816;,
  0.164988;0.635542;-0.000574;,
  0.110322;0.745313;0.039169;,
  0.125431;0.700579;0.058684;,
  0.100688;0.675223;0.002914;,
  0.142272;0.647183;0.067781;,
  0.121579;0.631212;0.020816;,
  0.120441;0.749783;0.041628;,
  0.158210;0.749568;0.017384;,
  0.178895;0.706806;0.032101;,
  0.185585;0.651415;0.046526;,
  0.151267;0.737554;-0.017863;,
  0.166437;0.616693;-0.009961;,
  0.115524;0.608935;0.015495;,
  0.126253;0.549994;0.005857;,
  0.158370;0.557496;-0.010255;,
  0.132006;0.509910;0.003802;,
  0.154840;0.507317;-0.008086;,
  0.115524;0.608935;0.015495;,
  0.143110;0.609374;0.072237;,
  0.158621;0.550705;0.053035;,
  0.126253;0.549994;0.005857;,
  0.155959;0.508651;0.035362;,
  0.132006;0.509910;0.003802;,
  0.193792;0.617161;0.047008;,
  0.183067;0.556767;0.040398;,
  0.171719;0.505328;0.025675;,
  0.094724;0.437206;0.018273;,
  0.109282;0.448561;0.006315;,
  0.148301;0.448248;0.034530;,
  0.133602;0.437037;0.045905;,
  0.100470;0.441098;0.003348;,
  0.105480;0.433308;0.009675;,
  0.109278;0.426972;0.001521;,
  0.099297;0.434706;-0.006340;,
  0.139008;0.479857;0.042976;,
  0.143936;0.442831;0.042151;,
  0.127419;0.448979;-0.007594;,
  0.115090;0.480728;-0.000604;,
  0.172596;0.474553;0.026389;,
  0.158715;0.431951;0.034322;,
  0.148599;0.476198;-0.019692;,
  0.143250;0.438537;-0.013663;,
  0.112917;0.797206;-0.014429;,
  0.127338;0.784598;-0.037396;,
  0.087473;0.791557;-0.023309;,
  0.092386;0.776275;-0.042769;,
  0.085173;0.729014;0.071148;,
  0.066459;0.783619;-0.053836;,
  0.129038;0.758452;-0.046231;,
  0.100608;0.748407;-0.048488;,
  0.110647;0.730322;-0.037291;,
  0.122601;0.740317;-0.031517;,
  0.099470;0.769760;0.040248;,
  0.053391;0.765974;0.044789;,
  0.103756;0.771712;0.035795;,
  -0.002279;0.756858;0.030787;,
  0.011227;0.789879;-0.017525;,
  0.085388;0.799565;0.007755;,
  0.103756;0.771712;0.035795;,
  0.105002;0.725027;0.000070;,
  0.106252;0.760240;0.032348;,
  0.086097;0.732125;-0.015155;,
  0.099022;0.712459;0.047739;,
  0.105439;0.693918;0.019064;,
  0.113266;0.715133;-0.026312;,
  0.098160;0.722371;0.061158;,
  0.115090;0.480728;-0.000604;,
  0.057192;0.819589;-0.077938;,
  0.069984;0.801712;-0.083958;,
  0.020501;0.802584;-0.047431;,
  0.030643;0.825358;-0.080603;,
  0.143250;0.438537;-0.013663;,
  0.094724;0.437206;0.018273;,
  0.133602;0.437037;0.045905;,
  0.106552;0.459456;-0.001576;,
  0.110766;0.442455;-0.020660;,
  0.106552;0.459456;-0.001576;,
  0.117419;0.447047;0.005114;,
  0.130429;0.435871;-0.012538;,
  0.130429;0.435871;-0.012538;,
  0.100470;0.441098;0.003348;,
  0.099297;0.434706;-0.006340;,
  0.109278;0.426972;0.001521;,
  0.171835;0.027529;0.035690;,
  0.164867;0.023953;-0.012806;,
  0.169676;0.005272;-0.018019;,
  0.180217;0.005802;0.032758;,
  0.070793;0.040794;0.104062;,
  0.068093;0.007541;0.115473;,
  0.089249;0.006948;0.071480;,
  0.089614;0.031866;0.068300;,
  0.088417;0.085546;0.097100;,
  0.110042;0.092321;0.106575;,
  0.106344;0.043810;0.125557;,
  0.125720;0.006972;0.097841;,
  0.097810;0.007515;0.133693;,
  0.128268;0.041878;0.095924;,
  0.122129;0.075190;0.055953;,
  0.128296;0.076894;0.090101;,
  0.134498;0.005432;-0.027639;,
  0.135985;0.021070;-0.018449;,
  0.180217;0.005802;0.032758;,
  0.134498;0.005432;-0.027639;,
  0.041071;0.369449;0.028129;,
  0.070542;0.276161;0.037485;,
  0.063441;0.205474;0.045255;,
  0.077485;0.149040;0.057630;,
  0.097565;0.068216;0.069656;,
  0.097565;0.068216;0.069656;,
  -0.011364;0.461103;0.075689;,
  0.083937;0.784434;-0.104604;,
  0.076394;0.764513;-0.107207;,
  0.067680;0.763444;-0.100209;,
  0.065453;0.784860;-0.090092;,
  0.074385;0.812390;-0.114864;,
  0.065137;0.834544;-0.117355;,
  0.052336;0.816342;-0.238429;,
  0.032499;0.816756;-0.242268;,
  0.034253;0.787104;-0.239300;,
  0.071457;0.751413;-0.190814;,
  0.066247;0.767978;-0.214923;,
  0.054878;0.743836;-0.191503;,
  0.087934;0.797100;-0.129714;,
  0.081574;0.768113;-0.127619;,
  0.081497;0.796339;-0.112425;,
  0.086814;0.824656;-0.157341;,
  0.087899;0.806655;-0.173980;,
  0.085932;0.812696;-0.210645;,
  0.078592;0.786410;-0.216586;,
  0.085072;0.779878;-0.178161;,
  0.071229;0.862251;-0.156775;,
  0.083315;0.841013;-0.155742;,
  0.031636;0.870916;-0.153158;,
  0.030268;0.873578;-0.202358;,
  0.063610;0.865135;-0.204586;,
  0.086436;0.773726;-0.156348;,
  0.073307;0.749228;-0.158545;,
  0.073267;0.751446;-0.122658;,
  0.060309;0.731762;-0.102719;,
  0.041418;0.720671;-0.101921;,
  0.040538;0.739962;-0.093315;,
  0.060561;0.782169;-0.230371;,
  0.072386;0.814584;-0.229034;,
  0.079701;0.847264;-0.208422;,
  0.065877;0.843658;-0.227337;,
  0.030757;0.852400;-0.231069;,
  0.048157;0.850462;-0.230109;,
  0.033762;0.847707;-0.120431;,
  0.079701;0.847264;-0.208422;,
  0.065877;0.843658;-0.227337;,
  0.091149;0.810854;-0.157261;,
  0.092312;0.797607;-0.132585;,
  0.097039;0.823662;-0.152843;,
  0.093500;0.821738;-0.173374;,
  0.097039;0.823662;-0.152843;,
  0.092312;0.797607;-0.132585;,
  0.093500;0.821738;-0.173374;,
  0.087899;0.806655;-0.173980;,
  0.089716;0.792649;-0.153148;,
  0.087934;0.797100;-0.129714;,
  0.072099;0.756245;-0.179631;,
  0.089716;0.792649;-0.153148;,
  0.066459;0.783619;-0.053836;,
  0.069984;0.801712;-0.083958;,
  0.092386;0.776275;-0.042769;,
  0.074385;0.812390;-0.114864;,
  0.038719;0.743466;-0.078618;,
  0.039022;0.720626;-0.071969;,
  0.030073;0.543708;-0.012188;,
  -0.033713;0.529562;0.121715;,
  -0.036660;0.496121;0.128758;,
  -0.035363;0.473547;0.127915;,
  0.042605;0.757222;-0.093988;,
  -0.011364;0.461103;0.075689;,
  0.048157;0.850462;-0.230109;,
  0.030757;0.852400;-0.231069;,
  0.059853;0.736929;-0.134292;,
  0.051699;0.737261;-0.157856;,
  0.052304;0.733927;-0.148815;,
  0.035206;0.772467;-0.234318;,
  0.036711;0.753070;-0.217919;,
  0.052751;0.749573;-0.180012;,
  -0.014345;0.629827;0.075192;,
  0.092386;0.776275;-0.042769;,
  0.169676;0.005272;-0.018019;,
  0.059523;0.734990;-0.127980;,
  0.052272;0.727327;-0.128129;,
  0.051723;0.732279;-0.131490;,
  0.039892;0.722088;-0.160331;,
  0.039823;0.728164;-0.149205;,
  0.051525;0.728999;-0.136770;,
  0.040084;0.731229;-0.131655;,
  0.040631;0.723534;-0.127175;,
  0.038300;0.736260;-0.192193;,
  0.038516;0.736879;-0.182045;,
  0.106252;0.760240;0.032348;,
  0.040293;0.724855;-0.137787;,
  0.095374;0.735742;0.011471;,
  0.105002;0.725027;0.000070;,
  0.113266;0.715133;-0.026312;,
  0.083315;0.841013;-0.155742;,
  0.108667;0.227285;0.036125;,
  0.066222;0.223818;-0.001764;,
  0.079273;0.148260;0.012354;,
  0.113694;0.153821;0.044415;,
  0.110052;0.285661;0.009110;,
  0.068541;0.278974;-0.011554;,
  0.093719;0.379416;0.021335;,
  0.042738;0.368745;0.000576;,
  0.070218;0.472237;0.034441;,
  0.028180;0.455922;0.010121;,
  0.053875;0.497348;0.032443;,
  0.085588;0.075928;0.017255;,
  0.122129;0.075190;0.055953;,
  0.051668;0.155237;0.121248;,
  0.060704;0.085901;0.128166;,
  -0.010500;0.102506;0.110259;,
  -0.010839;0.175904;0.105622;,
  -0.006580;0.242416;0.093254;,
  0.043338;0.222499;0.109071;,
  -0.008278;0.308510;0.091869;,
  0.041402;0.271366;0.103682;,
  0.015822;0.356187;0.114285;,
  -0.021397;0.384804;0.109922;,
  -0.038417;0.469782;0.133850;,
  0.095374;0.735742;0.011471;,
  -0.027616;0.733261;-0.094689;,
  -0.038449;0.712713;-0.091008;,
  0.005213;0.725220;-0.078419;,
  0.006815;0.759077;-0.078499;,
  -0.044186;0.695917;-0.083902;,
  -0.054133;0.673609;-0.060781;,
  -0.008854;0.661432;-0.070916;,
  0.001523;0.689100;-0.079024;,
  -0.005298;0.795289;-0.059619;,
  -0.034143;0.791244;-0.031144;,
  -0.061565;0.782576;-0.045066;,
  -0.041924;0.776544;-0.069928;,
  -0.085161;0.566344;0.034329;,
  -0.076321;0.574392;0.029965;,
  -0.055801;0.578902;0.064382;,
  -0.058245;0.569764;0.074157;,
  -0.047709;0.559047;-0.015873;,
  -0.071370;0.539314;0.003526;,
  -0.010205;0.546237;-0.028746;,
  -0.049128;0.509682;-0.008643;,
  -0.020388;0.496548;-0.002427;,
  -0.017497;0.577490;0.083738;,
  -0.020636;0.566039;0.093028;,
  -0.058609;0.676734;0.043895;,
  -0.060362;0.719124;0.030430;,
  -0.009747;0.724705;0.056012;,
  -0.013342;0.682904;0.068537;,
  -0.031448;0.473936;-0.015195;,
  -0.078343;0.468939;0.001005;,
  -0.073237;0.374792;-0.037182;,
  -0.026899;0.382141;-0.044548;,
  -0.064157;0.281460;-0.041806;,
  -0.018782;0.287218;-0.067870;,
  0.004405;0.471745;0.021364;,
  0.004602;0.374270;-0.001384;,
  -0.034506;0.356728;0.061339;,
  -0.035829;0.445949;0.101024;,
  -0.011901;0.279057;-0.019710;,
  -0.033233;0.276995;0.016391;,
  -0.102215;0.360759;0.019020;,
  -0.099484;0.447104;0.054547;,
  -0.069611;0.280851;-0.001671;,
  -0.079432;0.006299;-0.018862;,
  -0.119026;0.008514;0.003317;,
  -0.105426;0.010291;0.035363;,
  -0.058785;0.008423;0.021065;,
  -0.033927;0.226795;-0.044965;,
  -0.074790;0.228915;-0.033104;,
  -0.078013;0.154734;-0.024810;,
  -0.039100;0.153240;-0.037624;,
  -0.075997;0.075698;-0.016095;,
  -0.044277;0.074394;-0.024842;,
  -0.008514;0.209344;-0.004294;,
  -0.023807;0.151935;-0.001945;,
  -0.039249;0.163818;0.036193;,
  -0.032323;0.229056;0.042089;,
  -0.055174;0.069090;0.009542;,
  -0.065744;0.087610;0.020178;,
  -0.094837;0.164297;0.008524;,
  -0.096491;0.238806;0.010206;,
  -0.082908;0.092626;0.005248;,
  -0.082532;0.513389;0.013533;,
  0.004405;0.471745;0.021364;,
  -0.071524;0.531730;0.103308;,
  -0.106867;0.525098;0.061013;,
  -0.072035;0.475651;0.105382;,
  -0.103260;0.466918;0.064824;,
  -0.055559;0.627242;0.052031;,
  -0.079757;0.666799;0.016762;,
  -0.082574;0.664654;-0.003639;,
  -0.072529;0.618758;0.016410;,
  -0.042935;0.607225;-0.022827;,
  -0.053913;0.649918;-0.045796;,
  -0.009697;0.596479;-0.035797;,
  -0.008051;0.638336;-0.059884;,
  -0.073177;0.698553;-0.104808;,
  -0.097762;0.656741;-0.090240;,
  -0.034547;0.710181;-0.069197;,
  -0.115883;0.614847;-0.065270;,
  -0.080978;0.614776;-0.031477;,
  -0.054894;0.656050;-0.048385;,
  -0.073729;0.730294;-0.027100;,
  -0.054894;0.656050;-0.048385;,
  -0.094790;0.688396;-0.006821;,
  -0.080978;0.614776;-0.031477;,
  -0.114599;0.636177;0.004427;,
  -0.084039;0.734800;-0.028452;,
  -0.137685;0.689386;-0.048806;,
  -0.112783;0.730160;-0.062607;,
  -0.149457;0.636169;-0.029196;,
  -0.095790;0.713458;-0.092055;,
  -0.114408;0.595204;-0.072209;,
  -0.106771;0.536769;-0.062386;,
  -0.081025;0.532520;-0.036568;,
  -0.073559;0.592558;-0.031901;,
  -0.103979;0.487861;-0.052511;,
  -0.088582;0.494664;-0.031519;,
  -0.073559;0.592558;-0.031901;,
  -0.081025;0.532520;-0.036568;,
  -0.126110;0.537908;-0.001751;,
  -0.116976;0.599070;0.013429;,
  -0.088582;0.494664;-0.031519;,
  -0.121454;0.489641;-0.014067;,
  -0.145593;0.541444;-0.021800;,
  -0.157669;0.601784;-0.026602;,
  -0.130498;0.488243;-0.026269;,
  -0.044663;0.441205;0.007932;,
  -0.086605;0.419619;0.000863;,
  -0.094662;0.429247;-0.016844;,
  -0.052346;0.451211;-0.010088;,
  -0.041342;0.448284;-0.006552;,
  -0.031849;0.446441;-0.013078;,
  -0.039525;0.433816;-0.014789;,
  -0.044811;0.437635;-0.005926;,
  -0.108170;0.456970;-0.002494;,
  -0.066883;0.480439;-0.017213;,
  -0.056173;0.451170;-0.032625;,
  -0.093834;0.423022;-0.008656;,
  -0.093864;0.411801;-0.025153;,
  -0.117918;0.448231;-0.037992;,
  -0.075446;0.473303;-0.054408;,
  -0.058146;0.439395;-0.048560;,
  -0.068363;0.775823;-0.079707;,
  -0.062144;0.762233;-0.105612;,
  -0.030818;0.761723;-0.087159;,
  -0.041924;0.776544;-0.069928;,
  -0.087397;0.711347;0.001286;,
  -0.005953;0.775066;-0.079924;,
  -0.053199;0.736627;-0.111834;,
  -0.055889;0.716368;-0.098158;,
  -0.038449;0.712713;-0.091008;,
  -0.027616;0.733261;-0.094689;,
  -0.084747;0.748737;-0.026478;,
  -0.085489;0.750238;-0.032581;,
  -0.054659;0.753213;0.005861;,
  -0.002279;0.756858;0.030787;,
  0.011227;0.789879;-0.017525;,
  -0.061565;0.782576;-0.045066;,
  -0.085489;0.750238;-0.032581;,
  -0.056236;0.705652;-0.058735;,
  -0.034547;0.710181;-0.069197;,
  -0.083247;0.738329;-0.036431;,
  -0.058326;0.677153;-0.047233;,
  -0.077484;0.694389;-0.023716;,
  -0.044186;0.695917;-0.083902;,
  -0.088191;0.703293;-0.014282;,
  -0.066883;0.480439;-0.017213;,
  0.002153;0.795644;-0.096221;,
  0.007012;0.815100;-0.087010;,
  0.030643;0.825358;-0.080603;,
  0.020501;0.802584;-0.047431;,
  -0.058146;0.439395;-0.048560;,
  -0.044663;0.441205;0.007932;,
  -0.086605;0.419619;0.000863;,
  -0.034431;0.455017;-0.030865;,
  -0.050876;0.464491;-0.013236;,
  -0.050876;0.464491;-0.013236;,
  -0.056280;0.447884;-0.016676;,
  -0.049157;0.440440;-0.039028;,
  -0.049157;0.440440;-0.039028;,
  -0.031849;0.446441;-0.013078;,
  -0.041342;0.448284;-0.006552;,
  -0.039525;0.433816;-0.014789;,
  -0.010928;0.024056;-0.056332;,
  -0.006986;0.001869;-0.062899;,
  0.041653;0.001938;-0.044902;,
  0.035957;0.020874;-0.042024;,
  -0.093431;0.043320;0.032451;,
  -0.055353;0.033274;0.019720;,
  -0.058785;0.008423;0.021065;,
  -0.105426;0.010291;0.035363;,
  -0.065744;0.087610;0.020178;,
  -0.109374;0.044235;-0.006019;,
  -0.082908;0.092626;0.005248;,
  -0.079432;0.006299;-0.018862;,
  -0.076832;0.040993;-0.023136;,
  -0.119026;0.008514;0.003317;,
  -0.044277;0.074394;-0.024842;,
  -0.075997;0.075698;-0.016095;,
  0.037219;0.019705;-0.012506;,
  0.045940;0.004177;-0.008754;,
  0.045940;0.004177;-0.008754;,
  -0.006986;0.001869;-0.062899;,
  0.004602;0.374270;-0.001384;,
  -0.011901;0.279057;-0.019710;,
  -0.008514;0.209344;-0.004294;,
  -0.023807;0.151935;-0.001945;,
  -0.055174;0.069090;0.009542;,
  -0.055174;0.069090;0.009542;,
  -0.008108;0.779219;-0.102325;,
  0.012910;0.780160;-0.099591;,
  0.010611;0.760210;-0.098796;,
  0.001499;0.760269;-0.105353;,
  -0.002291;0.808045;-0.112966;,
  0.004263;0.831095;-0.115848;,
  0.013050;0.814116;-0.237456;,
  0.032499;0.816756;-0.242268;,
  0.003753;0.747577;-0.189138;,
  0.021027;0.741918;-0.190665;,
  0.005864;0.764557;-0.213428;,
  -0.005056;0.763205;-0.125475;,
  -0.014742;0.791283;-0.127172;,
  -0.007417;0.791301;-0.110224;,
  -0.018105;0.818711;-0.154744;,
  -0.017970;0.800656;-0.171359;,
  -0.012348;0.774358;-0.175749;,
  -0.008550;0.781472;-0.214429;,
  -0.018508;0.806778;-0.208060;,
  -0.016400;0.835363;-0.153274;,
  -0.006854;0.857827;-0.154842;,
  0.031636;0.870916;-0.153158;,
  -0.001977;0.861418;-0.202962;,
  0.030268;0.873578;-0.202358;,
  -0.011931;0.768152;-0.153913;,
  0.005315;0.747596;-0.120976;,
  0.003756;0.745287;-0.156823;,
  0.021379;0.729556;-0.101756;,
  0.009143;0.779256;-0.229098;,
  -0.006186;0.810132;-0.227089;,
  -0.002925;0.839760;-0.225634;,
  -0.016118;0.841835;-0.206050;,
  0.013755;0.848513;-0.229257;,
  0.030757;0.852400;-0.231069;,
  0.033762;0.847707;-0.120431;,
  -0.016118;0.841835;-0.206050;,
  -0.002925;0.839760;-0.225634;,
  -0.027748;0.816591;-0.149753;,
  -0.019190;0.791289;-0.129824;,
  -0.020845;0.804508;-0.154488;,
  -0.025019;0.815023;-0.170440;,
  -0.019190;0.791289;-0.129824;,
  -0.027748;0.816591;-0.149753;,
  -0.025019;0.815023;-0.170440;,
  -0.017970;0.800656;-0.171359;,
  -0.017164;0.786593;-0.150503;,
  -0.014742;0.791283;-0.127172;,
  0.003122;0.752337;-0.177924;,
  -0.017164;0.786593;-0.150503;,
  0.002153;0.795644;-0.096221;,
  -0.005953;0.775066;-0.079924;,
  -0.030818;0.761723;-0.087159;,
  -0.002291;0.808045;-0.112966;,
  -0.033713;0.529562;0.121715;,
  -0.036660;0.496121;0.128758;,
  -0.035363;0.473547;0.127915;,
  -0.011364;0.461103;0.075689;,
  0.013755;0.848513;-0.229257;,
  0.030757;0.852400;-0.231069;,
  0.019692;0.734653;-0.133298;,
  0.026805;0.732482;-0.148183;,
  0.026583;0.735838;-0.157234;,
  0.023057;0.747891;-0.179277;,
  -0.014345;0.629827;0.075192;,
  -0.030818;0.761723;-0.087159;,
  0.041653;0.001938;-0.044902;,
  0.028603;0.725986;-0.127543;,
  0.020549;0.732781;-0.127015;,
  0.028423;0.730959;-0.130913;,
  0.028729;0.727707;-0.136206;,
  -0.083247;0.738329;-0.036431;,
  -0.057499;0.717288;-0.044958;,
  -0.056236;0.705652;-0.058735;,
  -0.044186;0.695917;-0.083902;,
  -0.016400;0.835363;-0.153274;,
  0.014464;0.222915;-0.036674;,
  0.004806;0.146150;-0.032284;,
  0.041119;0.145573;-0.013489;,
  0.038316;0.223264;-0.018254;,
  0.014878;0.283278;-0.048792;,
  0.039912;0.278851;-0.027782;,
  0.015837;0.373253;-0.019507;,
  0.028900;0.364308;-0.007619;,
  0.013755;0.460370;0.000008;,
  0.020463;0.448498;0.007771;,
  0.020641;0.485976;0.006959;,
  -0.020388;0.496548;-0.002427;,
  0.003052;0.073634;-0.029516;,
  0.045213;0.079216;-0.012927;,
  -0.051330;0.086080;0.067151;,
  -0.082899;0.092626;0.005258;,
  -0.094837;0.164297;0.008524;,
  -0.048351;0.161080;0.060405;,
  -0.096491;0.238806;0.010206;,
  -0.046280;0.226316;0.052007;,
  -0.041806;0.273861;0.049753;,
  -0.069611;0.280851;-0.001671;,
  -0.102215;0.360759;0.019020;,
  -0.040991;0.352420;0.077015;,
  -0.036660;0.496121;0.128758;,
  -0.072035;0.475651;0.105382;,
  -0.057499;0.717288;-0.044958;,
  -0.031448;0.473936;-0.015195;,
  -0.026899;0.382141;-0.044548;,
  -0.018782;0.287218;-0.067870;,
  -0.033927;0.226795;-0.044965;,
  -0.039100;0.153240;-0.037624;,
  -0.044277;0.074394;-0.024842;,
  0.064559;0.452462;0.133943;,
  0.098515;0.368189;0.121442;,
  0.005750;0.477786;0.143613;,
  0.096084;0.282657;0.092150;,
  0.110083;0.238907;0.119584;,
  0.117103;0.164747;0.116717;,
  0.110042;0.092321;0.106575;,
  -0.099484;0.447104;0.054547;,
  0.113266;0.715133;-0.026312;,
  0.113266;0.715133;-0.026312;,
  0.113266;0.715133;-0.026312;,
  0.090506;0.671604;-0.030691;,
  0.090506;0.671604;-0.030691;,
  0.090506;0.671604;-0.030691;,
  0.090506;0.671604;-0.030691;,
  0.090506;0.671604;-0.030691;,
  0.112638;0.690682;0.006733;,
  0.112638;0.690682;0.006733;,
  0.112638;0.690682;0.006733;,
  0.112638;0.690682;0.006733;,
  0.112638;0.690682;0.006733;,
  0.087473;0.791557;-0.023309;,
  0.087473;0.791557;-0.023309;,
  0.085388;0.799565;0.007755;,
  0.085388;0.799565;0.007755;,
  0.085388;0.799565;0.007755;,
  0.021216;0.580198;0.102119;,
  0.021216;0.580198;0.102119;,
  0.021216;0.580198;0.102119;,
  0.021216;0.580198;0.102119;,
  0.021216;0.580198;0.102119;,
  0.061097;0.576704;0.097297;,
  0.061097;0.576704;0.097297;,
  0.061097;0.576704;0.097297;,
  0.061097;0.576704;0.097297;,
  0.061097;0.576704;0.097297;,
  0.080205;0.561200;0.046802;,
  0.080205;0.561200;0.046802;,
  0.080205;0.561200;0.046802;,
  0.080205;0.561200;0.046802;,
  0.080205;0.561200;0.046802;,
  0.080205;0.561200;0.046802;,
  0.067754;0.547549;0.009453;,
  0.067754;0.547549;0.009453;,
  0.067754;0.547549;0.009453;,
  0.067754;0.547549;0.009453;,
  0.067754;0.547549;0.009453;,
  0.076621;0.510918;0.050197;,
  0.076621;0.510918;0.050197;,
  0.076621;0.510918;0.050197;,
  0.076621;0.510918;0.050197;,
  0.076621;0.510918;0.050197;,
  0.076621;0.510918;0.050197;,
  0.043597;0.662279;-0.056354;,
  0.043597;0.662279;-0.056354;,
  0.043597;0.662279;-0.056354;,
  0.043597;0.662279;-0.056354;,
  0.043597;0.662279;-0.056354;,
  -0.017497;0.577490;0.083738;,
  -0.017497;0.577490;0.083738;,
  0.035161;0.684385;0.087375;,
  0.035161;0.684385;0.087375;,
  0.035161;0.684385;0.087375;,
  0.035161;0.684385;0.087375;,
  -0.013342;0.682904;0.068537;,
  -0.013342;0.682904;0.068537;,
  -0.009747;0.724705;0.056012;,
  -0.009747;0.724705;0.056012;,
  0.044487;0.729858;0.072876;,
  0.044487;0.729858;0.072876;,
  0.044487;0.729858;0.072876;,
  0.044487;0.729858;0.072876;,
  0.044487;0.729858;0.072876;,
  0.070218;0.472237;0.034441;,
  0.070218;0.472237;0.034441;,
  0.070218;0.472237;0.034441;,
  0.070218;0.472237;0.034441;,
  0.070218;0.472237;0.034441;,
  0.070218;0.472237;0.034441;,
  0.089722;0.471885;0.080675;,
  0.089722;0.471885;0.080675;,
  0.089722;0.471885;0.080675;,
  0.089722;0.471885;0.080675;,
  0.089722;0.471885;0.080675;,
  0.089722;0.471885;0.080675;,
  0.110052;0.285661;0.009110;,
  0.110052;0.285661;0.009110;,
  0.110052;0.285661;0.009110;,
  0.110052;0.285661;0.009110;,
  0.110052;0.285661;0.009110;,
  0.121898;0.283401;0.060614;,
  0.121898;0.283401;0.060614;,
  0.121898;0.283401;0.060614;,
  0.121898;0.283401;0.060614;,
  0.121898;0.283401;0.060614;,
  -0.012590;0.446783;0.116964;,
  -0.012590;0.446783;0.116964;,
  -0.012590;0.446783;0.116964;,
  -0.012590;0.446783;0.116964;,
  -0.012590;0.446783;0.116964;,
  -0.012590;0.446783;0.116964;,
  -0.012590;0.446783;0.116964;,
  0.058515;0.275388;0.078001;,
  0.058515;0.275388;0.078001;,
  0.058515;0.275388;0.078001;,
  0.058515;0.275388;0.078001;,
  0.058515;0.275388;0.078001;,
  0.070542;0.276161;0.037485;,
  0.064559;0.452462;0.133943;,
  0.064559;0.452462;0.133943;,
  0.064559;0.452462;0.133943;,
  0.064559;0.452462;0.133943;,
  0.064559;0.452462;0.133943;,
  0.096084;0.282657;0.092150;,
  0.096084;0.282657;0.092150;,
  0.096084;0.282657;0.092150;,
  0.096084;0.282657;0.092150;,
  0.096084;0.282657;0.092150;,
  0.096084;0.282657;0.092150;,
  0.122129;0.075190;0.055953;,
  0.122129;0.075190;0.055953;,
  0.128296;0.076894;0.090101;,
  0.128296;0.076894;0.090101;,
  0.128296;0.076894;0.090101;,
  0.088417;0.085546;0.097100;,
  0.088417;0.085546;0.097100;,
  0.110042;0.092321;0.106575;,
  0.110042;0.092321;0.106575;,
  0.057402;0.470899;0.141402;,
  0.057402;0.470899;0.141402;,
  0.057402;0.470899;0.141402;,
  0.057402;0.470899;0.141402;,
  0.005750;0.477786;0.143613;,
  0.005750;0.477786;0.143613;,
  0.005750;0.477786;0.143613;,
  0.005750;0.477786;0.143613;,
  0.028841;0.632353;0.094523;,
  0.028841;0.632353;0.094523;,
  0.028841;0.632353;0.094523;,
  0.028841;0.632353;0.094523;,
  0.028841;0.632353;0.094523;,
  0.028841;0.632353;0.094523;,
  0.071063;0.679105;0.086697;,
  0.071063;0.679105;0.086697;,
  0.071063;0.679105;0.086697;,
  0.071063;0.679105;0.086697;,
  0.071063;0.679105;0.086697;,
  0.088936;0.678648;0.075889;,
  0.088936;0.678648;0.075889;,
  0.088936;0.678648;0.075889;,
  0.088936;0.678648;0.075889;,
  0.088936;0.678648;0.075889;,
  0.088936;0.678648;0.075889;,
  0.105936;0.662961;0.028325;,
  0.105936;0.662961;0.028325;,
  0.105936;0.662961;0.028325;,
  0.105936;0.662961;0.028325;,
  0.105936;0.662961;0.028325;,
  0.084789;0.614959;0.041477;,
  0.084789;0.614959;0.041477;,
  0.084789;0.614959;0.041477;,
  0.084789;0.614959;0.041477;,
  0.084789;0.614959;0.041477;,
  0.084789;0.614959;0.041477;,
  0.068737;0.627311;0.087532;,
  0.068737;0.627311;0.087532;,
  0.068737;0.627311;0.087532;,
  0.068737;0.627311;0.087532;,
  0.089938;0.646331;-0.014448;,
  0.089938;0.646331;-0.014448;,
  0.089938;0.646331;-0.014448;,
  0.089938;0.646331;-0.014448;,
  0.089938;0.646331;-0.014448;,
  0.077253;0.601744;0.007978;,
  0.077253;0.601744;0.007978;,
  0.077253;0.601744;0.007978;,
  0.077253;0.601744;0.007978;,
  0.077253;0.601744;0.007978;,
  0.045677;0.644810;-0.043285;,
  0.045677;0.644810;-0.043285;,
  0.045677;0.644810;-0.043285;,
  0.045677;0.644810;-0.043285;,
  0.045677;0.644810;-0.043285;,
  0.045677;0.644810;-0.043285;,
  0.045677;0.644810;-0.043285;,
  0.035569;0.593347;-0.016541;,
  0.035569;0.593347;-0.016541;,
  0.035569;0.593347;-0.016541;,
  0.035569;0.593347;-0.016541;,
  0.035569;0.593347;-0.016541;,
  0.121579;0.631212;0.020816;,
  0.121579;0.631212;0.020816;,
  0.164988;0.635542;-0.000574;,
  0.164988;0.635542;-0.000574;,
  0.164988;0.635542;-0.000574;,
  0.164988;0.635542;-0.000574;,
  0.164988;0.635542;-0.000574;,
  0.142272;0.647183;0.067781;,
  0.142272;0.647183;0.067781;,
  0.142272;0.647183;0.067781;,
  0.142272;0.647183;0.067781;,
  0.142272;0.647183;0.067781;,
  0.121579;0.631212;0.020816;,
  0.185585;0.651415;0.046526;,
  0.185585;0.651415;0.046526;,
  0.185585;0.651415;0.046526;,
  0.185585;0.651415;0.046526;,
  0.185585;0.651415;0.046526;,
  0.185585;0.651415;0.046526;,
  0.143110;0.609374;0.072237;,
  0.143110;0.609374;0.072237;,
  0.143110;0.609374;0.072237;,
  0.143110;0.609374;0.072237;,
  0.143110;0.609374;0.072237;,
  0.193792;0.617161;0.047008;,
  0.193792;0.617161;0.047008;,
  0.193792;0.617161;0.047008;,
  0.193792;0.617161;0.047008;,
  0.112917;0.797206;-0.014429;,
  0.112917;0.797206;-0.014429;,
  0.112917;0.797206;-0.014429;,
  0.112917;0.797206;-0.014429;,
  0.127338;0.784598;-0.037396;,
  0.127338;0.784598;-0.037396;,
  0.127338;0.784598;-0.037396;,
  0.127338;0.784598;-0.037396;,
  0.127338;0.784598;-0.037396;,
  0.087473;0.791557;-0.023309;,
  0.087473;0.791557;-0.023309;,
  0.092386;0.776275;-0.042769;,
  0.085173;0.729014;0.071148;,
  0.085173;0.729014;0.071148;,
  0.085173;0.729014;0.071148;,
  0.085173;0.729014;0.071148;,
  0.085173;0.729014;0.071148;,
  0.085173;0.729014;0.071148;,
  0.129038;0.758452;-0.046231;,
  0.129038;0.758452;-0.046231;,
  0.129038;0.758452;-0.046231;,
  0.129038;0.758452;-0.046231;,
  0.129038;0.758452;-0.046231;,
  0.122601;0.740317;-0.031517;,
  0.122601;0.740317;-0.031517;,
  0.122601;0.740317;-0.031517;,
  0.122601;0.740317;-0.031517;,
  0.099470;0.769760;0.040248;,
  0.099470;0.769760;0.040248;,
  0.099470;0.769760;0.040248;,
  0.099470;0.769760;0.040248;,
  0.099470;0.769760;0.040248;,
  0.103756;0.771712;0.035795;,
  0.085388;0.799565;0.007755;,
  0.085388;0.799565;0.007755;,
  0.103756;0.771712;0.035795;,
  0.103756;0.771712;0.035795;,
  0.105002;0.725027;0.000070;,
  0.105002;0.725027;0.000070;,
  0.105002;0.725027;0.000070;,
  0.106252;0.760240;0.032348;,
  0.106252;0.760240;0.032348;,
  0.106252;0.760240;0.032348;,
  0.099022;0.712459;0.047739;,
  0.099022;0.712459;0.047739;,
  0.099022;0.712459;0.047739;,
  0.099022;0.712459;0.047739;,
  0.099022;0.712459;0.047739;,
  0.105439;0.693918;0.019064;,
  0.105439;0.693918;0.019064;,
  0.105439;0.693918;0.019064;,
  0.105439;0.693918;0.019064;,
  0.098160;0.722371;0.061158;,
  0.098160;0.722371;0.061158;,
  0.098160;0.722371;0.061158;,
  0.057192;0.819589;-0.077938;,
  0.057192;0.819589;-0.077938;,
  0.057192;0.819589;-0.077938;,
