xof 0303txt 0032
template XSkinMeshHeader {
 <3cf169ce-ff7c-44ab-93c0-f78f62d172e2>
 WORD nMaxSkinWeightsPerVertex;
 WORD nMaxSkinWeightsPerFace;
 WORD nBones;
}

template VertexDuplicationIndices {
 <b8d65549-d7c9-4995-89cf-53a9a8b031e3>
 DWORD nIndices;
 DWORD nOriginalVertices;
 array DWORD indices[nIndices];
}

template SkinWeights {
 <6f0d123b-bad2-4167-a0d0-80224f25fabb>
 STRING transformNodeName;
 DWORD nWeights;
 array DWORD vertexIndices[nWeights];
 array FLOAT weights[nWeights];
 Matrix4x4 matrixOffset;
}

template AnimTicksPerSecond {
 <9e415a43-7ba6-4a73-8743-b73d47e88476>
 DWORD AnimTicksPerSecond;
}

template VertexElement {
 <f752461c-1e23-48f6-b9f8-8350850f336f>
 DWORD Type;
 DWORD Method;
 DWORD Usage;
 DWORD UsageIndex;
}

template DeclData {
 <bf22e553-292c-4781-9fea-62bd554bdd93>
 DWORD nElements;
 array VertexElement Elements[nElements];
 DWORD nDWords;
 array DWORD data[nDWords];
}


AnimTicksPerSecond {
 4800;
}

Frame Dummy01 {


 FrameTransformMatrix {
  1.000000,0.000000,0.000000,0.000000,0.000000,-0.000000,-1.000000,0.000000,0.000000,1.000000,-0.000000,0.000000,0.000000,0.000000,0.000000,1.000000;;
 }

 Frame Bip01 {


  FrameTransformMatrix {
   -0.110975,0.989867,0.088586,0.000000,0.000147,-0.089120,0.996021,0.000000,0.993823,0.110547,0.009744,0.000000,0.016667,0.022986,0.503054,1.000000;;
  }

  Frame Bip01_Pelvis {


   FrameTransformMatrix {
    -0.000000,1.000000,-0.000001,0.000000,-0.000001,0.000001,1.000000,0.000000,1.000000,0.000000,0.000001,0.000000,0.000000,0.000000,0.000000,1.000000;;
   }

   Frame Bip01_Spine {


    FrameTransformMatrix {
     0.984686,0.000002,-0.174337,0.000000,-0.000001,1.000000,0.000004,0.000000,0.174337,-0.000004,0.984686,0.000000,0.051619,0.000000,-0.000083,1.000000;;
    }

    Frame Bip01_Spine1 {


     FrameTransformMatrix {
      0.972079,0.234574,0.006195,0.000000,-0.229608,0.956285,-0.181106,0.000000,-0.048407,0.174627,0.983444,0.000000,0.106484,-0.000015,-0.000083,1.000000;;
     }

     Frame Bip01_Neck {


      FrameTransformMatrix {
       1.000000,0.000000,0.000000,0.000000,-0.000000,1.000000,0.000000,0.000000,-0.000000,0.000000,1.000000,0.000000,0.130505,0.000000,0.004625,1.000000;;
      }

      Frame Bip01_Head {


       FrameTransformMatrix {
        0.912630,0.265748,-0.310620,0.000000,-0.187944,0.947558,0.258479,0.000000,0.363021,-0.177516,0.914715,0.000000,0.033674,0.000000,-0.000000,1.000000;;
       }

       Frame Bip01_HeadNub {


        FrameTransformMatrix {
         1.000000,0.000000,0.000000,0.000000,0.000000,1.000000,0.000000,0.000000,0.000000,0.000000,1.000000,0.000000,0.169824,-0.000000,-0.000000,1.000000;;
        }
       }
      }

      Frame Bip01_L_Clavicle {


       FrameTransformMatrix {
        -0.192084,0.981378,0.000150,0.000000,0.981378,0.192084,-0.000782,0.000000,-0.000796,-0.000003,-1.000000,0.000000,-0.024025,0.015714,-0.004625,1.000000;;
       }

       Frame Bip01_L_UpperArm {


        FrameTransformMatrix {
         0.495524,-0.804474,0.327532,0.000000,0.868566,0.462001,-0.179302,0.000000,-0.007076,0.373332,0.927671,0.000000,0.087086,-0.000000,0.000000,1.000000;;
        }

        Frame Bip01_L_Forearm {


         FrameTransformMatrix {
          0.999998,-0.000000,-0.002128,0.000000,0.000000,1.000000,-0.000000,0.000000,0.002128,-0.000000,0.999998,0.000000,0.137062,0.000000,0.000000,1.000000;;
         }

         Frame Bip01_L_Hand {


          FrameTransformMatrix {
           1.000000,0.000000,0.000000,0.000000,0.000000,0.000796,1.000000,0.000000,-0.000000,-1.000000,0.000796,0.000000,0.137062,0.000000,0.000000,1.000000;;
          }

          Frame Bip01_L_Finger0 {


           FrameTransformMatrix {
            0.690342,-0.181727,0.700288,0.000000,0.558537,0.749101,-0.356210,0.000000,-0.459853,0.637043,0.618637,0.000000,0.057681,-0.023605,-0.000272,1.000000;;
           }

           Frame Bip01_L_Finger0Nub {


            FrameTransformMatrix {
             1.000000,-0.000000,0.000000,0.000000,0.000000,1.000000,0.000000,0.000000,-0.000000,-0.000000,1.000000,0.000000,0.029435,0.000000,0.000000,1.000000;;
            }
           }
          }

          Frame Bip01_L_Finger1 {


           FrameTransformMatrix {
            0.728079,-0.000546,0.685493,0.000000,-0.000000,1.000000,0.000796,0.000000,-0.685493,-0.000580,0.728079,0.000000,0.084102,0.000000,0.000000,1.000000;;
           }

           Frame Bip01_L_Finger1Nub {


            FrameTransformMatrix {
             1.000000,0.000000,0.000000,0.000000,-0.000000,1.000000,0.000000,0.000000,-0.000000,0.000000,1.000000,0.000000,0.047988,0.000000,0.000000,1.000000;;
            }
           }
          }
         }
        }
       }
      }

      Frame Bip01_R_Clavicle {


       FrameTransformMatrix {
        -0.051061,-0.998696,0.000043,0.000000,-0.998695,0.051061,0.000795,0.000000,-0.000796,-0.000003,-1.000000,0.000000,-0.024025,-0.015715,-0.004625,1.000000;;
       }

       Frame Bip01_R_UpperArm {


        FrameTransformMatrix {
         0.023857,0.859235,0.511024,0.000000,-0.999289,0.035429,-0.012919,0.000000,-0.029205,-0.510353,0.859469,0.000000,0.087086,0.000000,-0.000000,1.000000;;
        }

        Frame Bip01_R_Forearm {


         FrameTransformMatrix {
          0.826371,-0.000000,-0.563126,0.000000,-0.000000,1.000000,-0.000000,0.000000,0.563126,0.000000,0.826371,0.000000,0.137062,0.000000,0.000000,1.000000;;
         }

         Frame Bip01_R_Hand {


          FrameTransformMatrix {
           0.997952,-0.000781,-0.063963,0.000000,-0.063962,0.001093,-0.997952,0.000000,0.000850,0.999999,0.001041,0.000000,0.137062,0.000000,0.000000,1.000000;;
          }

          Frame Bip01_R_Finger0 {


           FrameTransformMatrix {
            0.417774,-0.116941,0.900994,0.000000,-0.558537,0.749101,0.356210,0.000000,-0.716591,-0.652054,0.247639,0.000000,0.057681,0.023605,-0.000272,1.000000;;
           }

           Frame Bip01_R_Finger0Nub {


            FrameTransformMatrix {
             -1.000000,-0.000000,-0.000000,0.000000,0.000000,1.000000,0.000000,0.000000,0.000000,0.000000,-1.000000,0.000000,0.029435,-0.000000,0.000000,1.000000;;
            }
           }
          }

          Frame Bip01_R_Finger1 {


           FrameTransformMatrix {
            0.352436,0.000745,0.935835,0.000000,0.000000,1.000000,-0.000796,0.000000,-0.935836,0.000281,0.352436,0.000000,0.084102,-0.000000,-0.000000,1.000000;;
           }

           Frame Bip01_R_Finger1Nub {


            FrameTransformMatrix {
             -1.000000,0.000000,0.000000,0.000000,0.000000,1.000000,0.000000,0.000000,0.000000,-0.000000,-1.000000,0.000000,0.047988,0.000000,-0.000000,1.000000;;
            }
           }
          }
         }
        }
       }
      }
     }

     Frame Bip01_BackPack {


      FrameTransformMatrix {
       0.081023,-0.088037,-0.992817,0.000000,-0.064786,0.993520,-0.093387,0.000000,0.994604,0.071887,0.074794,0.000000,0.041174,-0.003810,-0.088357,1.000000;;
      }

      Frame Bip01_BackPackNub {


       FrameTransformMatrix {
        0.000796,0.000003,1.000000,0.000000,0.000000,-1.000000,0.000003,0.000000,1.000000,0.000000,-0.000796,0.000000,0.053240,0.000000,0.000000,1.000000;;
       }
      }
     }
    }

    Frame Bip01_L_Thigh {


     FrameTransformMatrix {
      -0.982121,-0.001180,-0.188245,0.000000,0.006725,-0.999562,-0.028818,0.000000,-0.188128,-0.029569,0.981699,0.000000,-0.050843,0.055225,-0.008917,1.000000;;
     }

     Frame Bip01_L_Calf {


      FrameTransformMatrix {
       0.944704,-0.000000,-0.327925,0.000000,-0.000000,1.000000,-0.000000,0.000000,0.327925,0.000000,0.944704,0.000000,0.237500,0.000000,0.000000,1.000000;;
      }

      Frame Bip01_L_Foot {


       FrameTransformMatrix {
        0.947841,0.001629,0.318739,0.000000,-0.046247,0.990108,0.132467,0.000000,-0.315370,-0.140299,0.938540,0.000000,0.206841,0.000000,-0.000000,1.000000;;
       }

       Frame Bip01_L_Toe0 {


        FrameTransformMatrix {
         -0.288015,0.000001,0.957626,0.000000,0.000001,1.000000,-0.000001,0.000000,-0.957626,0.000001,-0.288015,0.000000,0.065373,0.000000,0.066450,1.000000;;
        }

        Frame Bip01_L_Toe0Nub {


         FrameTransformMatrix {
          -1.000000,0.000000,-0.000000,0.000000,0.000000,1.000000,0.000000,0.000000,0.000000,-0.000000,-1.000000,0.000000,0.006735,0.000000,0.000000,1.000000;;
         }
        }
       }
      }
     }
    }

    Frame Bip01_R_Thigh {


     FrameTransformMatrix {
      -0.966186,-0.093145,-0.240433,0.000000,0.117667,-0.988993,-0.089706,0.000000,-0.229431,-0.114963,0.966512,0.000000,-0.050843,-0.055225,-0.008917,1.000000;;
     }

     Frame Bip01_R_Calf {


      FrameTransformMatrix {
       0.913408,0.000000,-0.407046,0.000000,0.000000,1.000000,0.000000,0.000000,0.407046,0.000000,0.913408,0.000000,0.237500,0.000000,0.000000,1.000000;;
      }

      Frame Bip01_R_Foot {


       FrameTransformMatrix {
        0.946630,-0.064707,0.315761,0.000000,-0.013547,0.970789,0.239551,0.000000,-0.322038,-0.231043,0.918102,0.000000,0.206841,0.000000,-0.000000,1.000000;;
       }

       Frame Bip01_R_Toe0 {


        FrameTransformMatrix {
         0.744105,-0.000001,0.668063,0.000000,0.000001,1.000000,0.000000,0.000000,-0.668063,0.000001,0.744105,0.000000,0.065373,0.000000,0.066450,1.000000;;
        }

        Frame Bip01_R_Toe0Nub {


         FrameTransformMatrix {
          1.000000,0.000000,0.000000,0.000000,-0.000000,1.000000,-0.000000,0.000000,-0.000000,0.000000,1.000000,0.000000,0.006735,-0.000000,0.000000,1.000000;;
         }
        }
       }
      }
     }
    }
   }

   Frame Bip01_DressFront {


    FrameTransformMatrix {
     -0.995928,-0.088270,-0.018337,0.000000,-0.090088,0.982236,0.164611,0.000000,0.003481,0.165592,-0.986188,0.000000,-0.044002,0.001375,0.061086,1.000000;;
    }

    Frame Bip01_DressFront02 {


     FrameTransformMatrix {
      0.912592,0.000001,0.408870,0.000000,-0.000001,1.000000,-0.000000,0.000000,-0.408870,-0.000000,0.912593,0.000000,0.183378,-0.000000,-0.000120,1.000000;;
     }

     Frame Bip01_DressFrontNub {


      FrameTransformMatrix {
       0.000796,0.000003,1.000000,0.000000,0.000000,-1.000000,0.000003,0.000000,1.000000,0.000000,-0.000796,0.000000,0.165302,0.000000,-0.000000,1.000000;;
      }
     }
    }
   }

   Frame Bip01_DressBack {


    FrameTransformMatrix {
     -0.994353,-0.081372,-0.068131,0.000000,-0.084171,0.995677,0.039274,0.000000,0.064641,0.044787,-0.996903,0.000000,-0.047742,-0.000006,-0.078280,1.000000;;
    }

    Frame Bip01_DressBack02 {


     FrameTransformMatrix {
      0.943392,0.143054,0.299244,0.000000,-0.166410,0.984580,0.053939,0.000000,-0.286913,-0.100683,0.952651,0.000000,0.176190,0.000011,-0.000104,1.000000;;
     }

     Frame Bip01_DressBackNub {


      FrameTransformMatrix {
       0.000796,0.000003,1.000000,0.000000,0.000000,-1.000000,0.000003,0.000000,1.000000,0.000000,-0.000796,0.000000,0.136508,0.000000,-0.000000,1.000000;;
      }
     }
    }
   }
  }

  Frame Bip01_Prop1 {


   FrameTransformMatrix {
    0.422404,-0.045727,-0.905253,0.000000,0.725946,-0.580963,0.368083,0.000000,-0.542750,-0.812645,-0.212206,0.000000,-0.040219,0.027871,-0.140154,1.000000;;
   }
  }

  Frame Bip01_Prop2 {


   FrameTransformMatrix {
    0.461697,-0.719827,0.518349,0.000000,0.855455,0.515868,-0.045578,0.000000,-0.234591,0.464467,0.853954,0.000000,-0.107551,-0.050651,0.132223,1.000000;;
   }
  }
 }
}

Frame Translation_Data {


 FrameTransformMatrix {
  -0.000000,0.000000,-1.000000,0.000000,-1.000000,-0.000000,0.000000,0.000000,-0.000000,1.000000,0.000000,0.000000,0.000000,-0.000000,0.000000,1.000000;;
 }
}

Frame Body {


 FrameTransformMatrix {
  1.000000,0.000000,0.000000,0.000000,0.000000,1.000000,0.000000,0.000000,0.000000,0.000000,1.000000,0.000000,0.000000,0.000000,0.000000,1.000000;;
 }

 Mesh Body {
  617;
  0.113919;0.745983;0.006700;,
  0.079406;0.775260;0.025741;,
  0.078377;0.750616;0.002295;,
  0.117891;0.726012;-0.001965;,
  0.121586;0.711928;-0.006943;,
  0.079366;0.724069;-0.022462;,
  0.080241;0.694963;-0.037708;,
  0.115398;0.681711;-0.007817;,
  0.082345;0.783779;0.067178;,
  0.117975;0.756237;0.056709;,
  0.121706;0.743411;0.084644;,
  0.092460;0.753502;0.091381;,
  0.103804;0.549606;0.010530;,
  0.065438;0.542359;0.038777;,
  0.065683;0.553271;0.033905;,
  0.096692;0.558957;0.008748;,
  0.085236;0.566979;-0.045629;,
  0.100183;0.537936;-0.030946;,
  0.054151;0.566209;-0.073369;,
  0.052914;0.508344;-0.067736;,
  0.082374;0.516860;-0.060868;,
  0.040514;0.737094;-0.024963;,
  0.027761;0.706742;-0.044294;,
  0.023645;0.537716;0.042815;,
  0.023014;0.550760;0.038282;,
  0.070851;0.629329;0.068832;,
  0.020089;0.635682;0.075634;,
  0.023712;0.670701;0.091897;,
  0.079625;0.662251;0.087170;,
  0.066302;0.466001;-0.073951;,
  0.068707;0.366818;-0.081051;,
  0.110242;0.362298;-0.058469;,
  0.105573;0.461763;-0.042157;,
  0.065834;0.270029;-0.088819;,
  0.100698;0.269323;-0.049211;,
  0.020708;0.465526;-0.044913;,
  0.032925;0.437504;0.036238;,
  0.042297;0.360491;0.024676;,
  0.025137;0.365621;-0.049152;,
  0.053121;0.273273;-0.003448;,
  0.044115;0.269267;-0.044405;,
  0.108114;0.439778;0.015351;,
  0.119901;0.359175;0.005501;,
  0.093405;0.275060;-0.009650;,
  0.099533;-0.000402;0.011674;,
  0.054638;-0.000179;0.008614;,
  0.059967;-0.003449;0.057032;,
  0.094824;-0.003454;0.056764;,
  0.071196;0.214394;-0.054688;,
  0.071461;0.142453;-0.036931;,
  0.104511;0.145922;-0.012925;,
  0.106416;0.218378;-0.031051;,
  0.075238;0.067075;-0.016947;,
  0.097704;0.069247;0.009502;,
  0.033878;0.202135;-0.022107;,
  0.042760;0.227880;0.026525;,
  0.049061;0.162489;0.031317;,
  0.045827;0.145643;-0.007925;,
  0.067302;0.082530;0.034213;,
  0.060732;0.061367;0.007558;,
  0.113930;0.233969;0.015261;,
  0.110473;0.159857;0.022514;,
  0.091225;0.087119;0.031296;,
  0.106817;0.508792;-0.029077;,
  0.010824;0.501342;-0.075651;,
  0.012373;0.465740;-0.064864;,
  0.020708;0.465526;-0.044913;,
  0.114569;0.498756;0.024053;,
  0.067513;0.494830;0.053247;,
  0.108715;0.451412;0.019236;,
  0.066258;0.452759;0.046199;,
  0.064806;0.590580;0.046046;,
  0.101247;0.628903;0.049754;,
  0.112829;0.637036;0.034315;,
  0.105778;0.656462;-0.015563;,
  0.084170;0.613160;-0.027833;,
  0.094745;0.596159;0.019251;,
  0.071039;0.669091;-0.048552;,
  0.059295;0.619070;-0.055191;,
  0.015234;0.679236;-0.051444;,
  0.010326;0.619005;-0.057215;,
  0.159784;0.686478;0.000460;,
  0.106667;0.694104;0.004474;,
  0.170679;0.637724;0.008787;,
  0.110953;0.632986;0.009322;,
  0.121832;0.574951;0.019536;,
  0.170200;0.579568;0.018926;,
  0.106443;0.689341;0.065213;,
  0.110913;0.639412;0.075081;,
  0.110953;0.632986;0.009322;,
  0.120379;0.590490;0.071657;,
  0.121832;0.574951;0.019536;,
  0.114735;0.691529;0.072621;,
  0.159146;0.692081;0.066162;,
  0.170730;0.644461;0.074598;,
  0.168592;0.595115;0.071093;,
  0.167179;0.690603;0.029173;,
  0.177138;0.551389;0.019317;,
  0.120527;0.542002;0.022034;,
  0.136524;0.485086;0.035696;,
  0.172168;0.493484;0.033165;,
  0.143740;0.446811;0.048411;,
  0.169759;0.445776;0.048380;,
  0.120527;0.542002;0.022034;,
  0.119626;0.560269;0.081840;,
  0.144168;0.502791;0.089567;,
  0.136524;0.485086;0.035696;,
  0.150676;0.456289;0.086233;,
  0.143740;0.446811;0.048411;,
  0.175947;0.569637;0.079355;,
  0.171454;0.509425;0.087217;,
  0.169677;0.454751;0.085079;,
  0.141041;0.322542;0.062206;,
  0.133000;0.342442;0.057393;,
  0.137559;0.365817;0.099244;,
  0.145478;0.346054;0.103468;,
  0.136038;0.366011;0.041969;,
  0.139435;0.359896;0.050738;,
  0.149194;0.356798;0.046711;,
  0.142975;0.361179;0.033930;,
  0.138280;0.420985;0.091792;,
  0.151617;0.386958;0.099550;,
  0.158863;0.385758;0.047288;,
  0.137603;0.412891;0.042740;,
  0.175914;0.424829;0.092373;,
  0.170436;0.380452;0.100807;,
  0.176135;0.417337;0.040935;,
  0.177672;0.380057;0.050482;,
  0.145730;0.740829;0.057255;,
  0.153018;0.747901;0.029139;,
  0.117975;0.756237;0.056709;,
  0.117367;0.758669;0.032420;,
  0.116669;0.662855;0.070848;,
  0.092063;0.781774;0.040492;,
  0.144149;0.738409;0.004353;,
  0.113919;0.745983;0.006700;,
  0.117891;0.726012;-0.001965;,
  0.135789;0.711954;-0.001805;,
  0.128763;0.700718;0.079773;,
  0.088505;0.696826;0.094357;,
  0.132423;0.704940;0.077304;,
  0.031138;0.706044;0.095915;,
  0.046535;0.762961;0.084507;,
  0.121706;0.743411;0.084644;,
  0.132423;0.704940;0.077304;,
  0.117283;0.697952;0.019266;,
  0.130833;0.697626;0.065207;,
  0.106667;0.694104;0.004474;,
  0.119066;0.667842;0.039109;,
  0.112708;0.675193;0.005183;,
  0.121586;0.711928;-0.006943;,
  0.124367;0.665277;0.055047;,
  0.137603;0.412891;0.042740;,
  0.085757;0.795614;0.071667;,
  0.094597;0.801215;0.051053;,
  0.054549;0.792112;0.071780;,
  0.061890;0.801447;0.083201;,
  0.177672;0.380057;0.050482;,
  0.141041;0.322542;0.062206;,
  0.145478;0.346054;0.103468;,
  0.135850;0.385807;0.039458;,
  0.156104;0.374778;0.027663;,
  0.135850;0.385807;0.039458;,
  0.145231;0.377682;0.052218;,
  0.168881;0.375127;0.045900;,
  0.168881;0.375127;0.045900;,
  0.136038;0.366011;0.041969;,
  0.142975;0.361179;0.033930;,
  0.149194;0.356798;0.046711;,
  0.105774;0.026225;-0.063586;,
  0.074198;0.025641;-0.101213;,
  0.075519;0.007574;-0.109645;,
  0.111333;0.005117;-0.072216;,
  0.056221;0.030583;0.048601;,
  0.059967;-0.003449;0.057032;,
  0.054638;-0.000179;0.008614;,
  0.053266;0.024889;0.007714;,
  0.067302;0.082530;0.034213;,
  0.091225;0.087119;0.031296;,
  0.097761;0.033633;0.048268;,
  0.099533;-0.000402;0.011674;,
  0.094824;-0.003454;0.056764;,
  0.100683;0.034630;0.011484;,
  0.075238;0.067075;-0.016947;,
  0.097704;0.069247;0.009502;,
  0.040579;0.006903;-0.099212;,
  0.046705;0.021934;-0.090980;,
  0.111333;0.005117;-0.072216;,
  0.040579;0.006903;-0.099212;,
  0.025137;0.365621;-0.049152;,
  0.044115;0.269267;-0.044405;,
  0.033878;0.202135;-0.022107;,
  0.045827;0.145643;-0.007925;,
  0.060732;0.061367;0.007558;,
  0.060732;0.061367;0.007558;,
  0.017972;0.448808;-0.016020;,
  0.106574;0.808156;0.029239;,
  0.097702;0.821353;0.014828;,
  0.086692;0.819159;0.014823;,
  0.086884;0.809096;0.035246;,
  0.108147;0.808600;0.060469;,
  0.105295;0.804868;0.084144;,
  0.147803;0.917950;0.107796;,
  0.132529;0.928240;0.116119;,
  0.127334;0.937431;0.088196;,
  0.130335;0.898232;0.029345;,
  0.140120;0.913347;0.052980;,
  0.114967;0.908022;0.028495;,
  0.124090;0.822351;0.046520;,
  0.112410;0.834963;0.022239;,
  0.110273;0.810624;0.042990;,
  0.141035;0.834337;0.079581;,
  0.146555;0.855268;0.068027;,
  0.163151;0.884020;0.084838;,
  0.154879;0.902563;0.065659;,
  0.141271;0.870897;0.046341;,
  0.134037;0.823972;0.118314;,
  0.140192;0.827499;0.094907;,
  0.099664;0.831863;0.138610;,
  0.122055;0.872238;0.155875;,
  0.150413;0.865388;0.137520;,
  0.131106;0.854782;0.033991;,
  0.116393;0.871585;0.017302;,
  0.099909;0.840790;0.008777;,
  0.075816;0.837096;-0.010165;,
  0.057120;0.847950;-0.013789;,
  0.055778;0.833100;0.001199;,
  0.145001;0.922407;0.072122;,
  0.160411;0.903512;0.096574;,
  0.162920;0.870105;0.117166;,
  0.159202;0.892418;0.124250;,
  0.132158;0.904760;0.145230;,
  0.146404;0.898392;0.137231;,
  0.081975;0.813457;0.107585;,
  0.162920;0.870105;0.117166;,
  0.159202;0.892418;0.124250;,
  0.130895;0.822270;0.045795;,
  0.152608;0.825166;0.072233;,
  0.157139;0.845070;0.078303;,
  0.142269;0.838410;0.065754;,
  0.152608;0.825166;0.072233;,
  0.130895;0.822270;0.045795;,
  0.157139;0.845070;0.078303;,
  0.146555;0.855268;0.068027;,
  0.135834;0.843064;0.048804;,
  0.124090;0.822351;0.046520;,
  0.126507;0.886679;0.030157;,
  0.135834;0.843064;0.048804;,
  0.092063;0.781774;0.040492;,
  0.094597;0.801215;0.051053;,
  0.117367;0.758669;0.032420;,
  0.108147;0.808600;0.060469;,
  0.051162;0.777640;0.004418;,
  0.045801;0.757310;-0.007690;,
  0.010565;0.564060;-0.072454;,
  0.025721;0.491817;0.057430;,
  0.025378;0.458056;0.051375;,
  0.024442;0.440419;0.044412;,
  0.058206;0.817624;0.012722;,
  0.017972;0.448808;-0.016020;,
  0.146404;0.898392;0.137231;,
  0.132158;0.904760;0.145230;,
  0.091170;0.861416;0.003855;,
  0.095243;0.883889;0.013863;,
  0.090924;0.877521;0.008031;,
  0.123194;0.939005;0.073352;,
  0.113317;0.932845;0.050726;,
  0.108762;0.896850;0.030977;,
  0.018057;0.592409;0.051619;,
  0.117367;0.758669;0.032420;,
  0.075519;0.007574;-0.109645;,
  0.087574;0.857083;0.000388;,
  0.080001;0.863043;-0.003907;,
  0.081992;0.863988;0.001684;,
  0.083475;0.896571;0.005118;,
  0.079282;0.884808;0.007301;,
  0.083712;0.869820;0.000374;,
  0.071818;0.868823;0.004802;,
  0.068808;0.868085;-0.003563;,
  0.099599;0.917811;0.027645;,
  0.095133;0.909022;0.025148;,
  0.130833;0.697626;0.065207;,
  0.073735;0.876499;0.000841;,
  0.112409;0.698109;0.036078;,
  0.117283;0.697952;0.019266;,
  0.121586;0.711928;-0.006943;,
  0.140192;0.827499;0.094907;,
  0.071196;0.214394;-0.054688;,
  0.025311;0.226672;-0.071954;,
  0.038298;0.153317;-0.049829;,
  0.071461;0.142453;-0.036931;,
  0.065834;0.270029;-0.088819;,
  0.024760;0.278115;-0.092692;,
  0.068707;0.366818;-0.081051;,
  0.017623;0.371925;-0.082104;,
  0.066302;0.466001;-0.073951;,
  0.017834;0.460870;-0.079556;,
  0.052914;0.508344;-0.067736;,
  0.040694;0.083105;-0.031947;,
  0.075238;0.067075;-0.016947;,
  0.058113;0.158633;0.060087;,
  0.063077;0.090217;0.074551;,
  0.037875;0.086920;0.114787;,
  0.030652;0.156591;0.092897;,
  0.023814;0.218511;0.064003;,
  0.049036;0.228886;0.039708;,
  0.018477;0.274823;0.049417;,
  0.050180;0.274034;0.027414;,
  0.043287;0.360152;0.039600;,
  0.020872;0.361529;0.050493;,
  0.025002;0.430361;0.051793;,
  0.112409;0.698109;0.036078;,
  -0.017710;0.786436;0.006683;,
  -0.032675;0.771164;-0.002228;,
  0.014105;0.767893;0.001748;,
  0.025197;0.789832;0.025279;,
  -0.042765;0.756780;-0.008440;,
  -0.060795;0.718029;-0.004571;,
  -0.024733;0.716601;-0.035774;,
  0.000333;0.745313;-0.023135;,
  0.026267;0.798853;0.066701;,
  0.001953;0.777830;0.090611;,
  -0.027931;0.785343;0.083445;,
  -0.016267;0.797575;0.056230;,
  -0.061864;0.547982;0.028958;,
  -0.055499;0.557465;0.025677;,
  -0.019615;0.552435;0.043394;,
  -0.018095;0.541540;0.048069;,
  -0.056428;0.565590;-0.029871;,
  -0.067219;0.536295;-0.012325;,
  -0.032189;0.565363;-0.063765;,
  -0.056327;0.515501;-0.045255;,
  -0.028625;0.507544;-0.058665;,
  0.023014;0.550760;0.038282;,
  0.023645;0.537716;0.042815;,
  -0.031157;0.642335;0.074159;,
  -0.031148;0.685083;0.089211;,
  0.023712;0.670701;0.091897;,
  0.020089;0.635682;0.075634;,
  -0.049951;0.463383;-0.059172;,
  -0.076449;0.462268;-0.015954;,
  -0.093040;0.363615;-0.021909;,
  -0.062375;0.364215;-0.058169;,
  -0.086192;0.270604;-0.011316;,
  -0.068192;0.265699;-0.060437;,
  0.001099;0.460206;-0.047679;,
  -0.010335;0.360832;-0.044107;,
  0.000264;0.359544;0.031108;,
  0.016674;0.436379;0.035345;,
  -0.031848;0.266328;-0.027225;,
  -0.025090;0.273902;0.013396;,
  -0.078936;0.363423;0.041308;,
  -0.060911;0.441544;0.039260;,
  -0.064709;0.278476;0.021992;,
  -0.073992;0.009341;0.075827;,
  -0.069283;0.012363;0.120919;,
  -0.034426;0.012404;0.121184;,
  -0.029097;0.009151;0.072765;,
  -0.062912;0.213137;-0.019312;,
  -0.086762;0.222938;0.014602;,
  -0.081066;0.153237;0.040895;,
  -0.059347;0.144091;0.007350;,
  -0.070550;0.079002;0.068177;,
  -0.055444;0.072209;0.037778;,
  -0.016708;0.201596;-0.000970;,
  -0.024726;0.148430;0.024414;,
  -0.012627;0.170003;0.059376;,
  -0.006055;0.233572;0.043424;,
  -0.035191;0.070001;0.063465;,
  -0.034941;0.093526;0.082785;,
  -0.073012;0.171721;0.073746;,
  -0.076080;0.244478;0.057803;,
  -0.058706;0.099105;0.085158;,
  -0.072715;0.507032;-0.009107;,
  0.001099;0.460206;-0.047679;,
  -0.016020;0.494011;0.062539;,
  -0.068407;0.496962;0.044406;,
  -0.013463;0.452560;0.054915;,
  -0.061137;0.451818;0.040921;,
  -0.028858;0.596561;0.053500;,
  -0.062825;0.649821;0.058322;,
  -0.073750;0.660824;0.044058;,
  -0.062026;0.606169;0.031726;,
  -0.057573;0.622210;-0.016553;,
  -0.068115;0.678633;-0.006482;,
  -0.037197;0.625231;-0.047512;,
  -0.035559;0.682681;-0.042985;,
  -0.084406;0.751440;0.009726;,
  -0.102365;0.707666;0.027788;,
  -0.030768;0.748940;0.006225;,
  -0.108917;0.659717;0.047546;,
  -0.062258;0.646945;0.043032;,
  -0.044970;0.691355;0.022332;,
  -0.022531;0.753592;0.066411;,
  -0.044970;0.691355;0.022332;,
  -0.034215;0.707645;0.085454;,
  -0.062258;0.646945;0.043032;,
  -0.054045;0.655519;0.095478;,
  -0.029139;0.758484;0.074209;,
  -0.091636;0.724283;0.090917;,
  -0.073222;0.766808;0.072872;,
  -0.100574;0.668161;0.100047;,
  -0.086696;0.761296;0.037900;,
  -0.118251;0.643205;0.038166;,
  -0.122501;0.584657;0.027058;,
  -0.088639;0.570947;0.023477;,
  -0.063846;0.625526;0.032886;,
  -0.127636;0.535142;0.021535;,
  -0.101723;0.532571;0.020318;,
  -0.063846;0.625526;0.032886;,
  -0.088639;0.570947;0.023477;,
  -0.093080;0.565907;0.080300;,
  -0.059592;0.617887;0.095368;,
  -0.101723;0.532571;0.020318;,
  -0.107054;0.525843;0.058913;,
  -0.118972;0.576755;0.082748;,
  -0.113684;0.635527;0.100727;,
  -0.125967;0.528038;0.058583;,
  -0.102436;0.428515;-0.019343;,
  -0.111608;0.430017;0.027440;,
  -0.110006;0.451055;0.032536;,
  -0.100784;0.449955;-0.014713;,
  -0.099808;0.468424;-0.010745;,
  -0.104001;0.465134;-0.021123;,
  -0.111877;0.456846;-0.011611;,
  -0.103840;0.459860;-0.004727;,
  -0.100530;0.489631;0.046923;,
  -0.100656;0.505310;-0.000260;,
  -0.125869;0.482460;-0.007406;,
  -0.119001;0.458154;0.038933;,
  -0.138607;0.454518;0.038238;,
  -0.137132;0.497989;0.051602;,
  -0.138031;0.515429;0.002642;,
  -0.145359;0.478625;-0.006016;,
  -0.044094;0.803930;0.058272;,
  -0.045912;0.814073;0.030240;,
  -0.012490;0.799393;0.032579;,
  -0.016267;0.797575;0.056230;,
  -0.065652;0.700435;0.074207;,
  0.017278;0.801876;0.039855;,
  -0.045809;0.800600;0.005437;,
  -0.055588;0.774122;-0.000521;,
  -0.032675;0.771164;-0.002228;,
  -0.017710;0.786436;0.006683;,
  -0.054436;0.753200;0.077948;,
  -0.055294;0.758894;0.075523;,
  -0.023086;0.726821;0.093406;,
  0.031138;0.706044;0.095915;,
  0.046535;0.762961;0.084507;,
  -0.027931;0.785343;0.083445;,
  -0.055294;0.758894;0.075523;,
  -0.046931;0.744777;0.018094;,
  -0.030768;0.748940;0.006225;,
  -0.057827;0.752892;0.063757;,
  -0.060309;0.710855;0.008370;,
  -0.067412;0.706279;0.042545;,
  -0.042765;0.756780;-0.008440;,
  -0.072512;0.705858;0.058675;,
  -0.100656;0.505310;-0.000260;,
  0.029174;0.822938;0.059791;,
  0.037357;0.811685;0.078131;,
  0.061890;0.801447;0.083201;,
  0.054549;0.792112;0.071780;,
  -0.145359;0.478625;-0.006016;,
  -0.102436;0.428515;-0.019343;,
  -0.111608;0.430017;0.027440;,
  -0.117690;0.478318;-0.027072;,
  -0.102511;0.488066;-0.008483;,
  -0.102511;0.488066;-0.008483;,
  -0.112785;0.475837;-0.000625;,
  -0.133822;0.472366;-0.012919;,
  -0.133822;0.472366;-0.012919;,
  -0.104001;0.465134;-0.021123;,
  -0.099808;0.468424;-0.010745;,
  -0.111877;0.456846;-0.011611;,
  -0.080233;0.025636;-0.002324;,
  -0.085793;0.003562;-0.008045;,
  -0.049979;0.000977;-0.045466;,
  -0.048658;0.020012;-0.039533;,
  -0.030680;0.044998;0.108265;,
  -0.027725;0.033873;0.068511;,
  -0.029097;0.009151;0.072765;,
  -0.034426;0.012404;0.121184;,
  -0.034941;0.093526;0.082785;,
  -0.072220;0.047976;0.107526;,
  -0.058706;0.099105;0.085158;,
  -0.073992;0.009341;0.075827;,
  -0.075142;0.044032;0.070942;,
  -0.069283;0.012363;0.120919;,
  -0.055444;0.072209;0.037778;,
  -0.070550;0.079002;0.068177;,
  -0.021165;0.017710;-0.028895;,
  -0.015039;0.001711;-0.035038;,
  -0.015039;0.001711;-0.035038;,
  -0.085793;0.003562;-0.008045;,
  -0.010335;0.360832;-0.044107;,
  -0.031848;0.266328;-0.027225;,
  -0.016708;0.201596;-0.000970;,
  -0.024726;0.148430;0.024414;,
  -0.035191;0.070001;0.063465;,
  -0.035191;0.070001;0.063465;,
  0.024993;0.842128;0.055599;,
  0.036207;0.825923;0.042015;,
  0.036110;0.840222;0.031167;,
  0.031321;0.848996;0.036277;,
  0.040188;0.836899;0.082428;,
  0.051341;0.827335;0.101578;,
  0.112982;0.932450;0.119048;,
  0.132529;0.928240;0.116119;,
  0.070327;0.923221;0.048735;,
  0.084963;0.920516;0.038190;,
  0.086601;0.935633;0.070273;,
  0.035627;0.866937;0.047049;,
  0.033085;0.860247;0.075925;,
  0.031466;0.843441;0.068454;,
  0.048041;0.873061;0.109629;,
  0.052720;0.894343;0.098347;,
  0.054925;0.906853;0.074241;,
  0.077643;0.934726;0.090616;,
  0.070582;0.922567;0.114749;,
  0.051812;0.864303;0.123465;,
  0.064830;0.852792;0.140676;,
  0.099664;0.831863;0.138610;,
  0.092281;0.889595;0.156304;,
  0.122055;0.872238;0.155875;,
  0.043921;0.891088;0.062162;,
  0.039681;0.865870;0.028238;,
  0.054748;0.897255;0.037221;,
  0.041311;0.851464;0.000985;,
  0.099428;0.941385;0.086848;,
  0.090771;0.932512;0.119077;,
  0.098220;0.917812;0.143955;,
  0.077993;0.905471;0.144608;,
  0.115912;0.911090;0.147084;,
  0.132158;0.904760;0.145230;,
  0.081975;0.813457;0.107585;,
  0.077993;0.905471;0.144608;,
  0.098220;0.917812;0.143955;,
  0.028820;0.864776;0.078778;,
  0.043005;0.879745;0.097829;,
  0.045289;0.891647;0.114444;,
  0.031807;0.875470;0.111267;,
  0.028820;0.864776;0.078778;,
  0.031807;0.875470;0.111267;,
  0.045289;0.891647;0.114444;,
  0.052720;0.894343;0.098347;,
  0.041103;0.882512;0.079414;,
  0.033085;0.860247;0.075925;,
  0.065371;0.912137;0.049912;,
  0.041103;0.882512;0.079414;,
  0.029174;0.822938;0.059791;,
  0.017278;0.801876;0.039855;,
  -0.012490;0.799393;0.032579;,
  0.040188;0.836899;0.082428;,
  0.025721;0.491817;0.057430;,
  0.025378;0.458056;0.051375;,
  0.024442;0.440419;0.044412;,
  0.017972;0.448808;-0.016020;,
  0.115912;0.911090;0.147084;,
  0.132158;0.904760;0.145230;,
  0.055574;0.876239;0.015357;,
  0.068323;0.886932;0.015334;,
  0.072982;0.893159;0.021056;,
  0.082444;0.907809;0.039481;,
  0.018057;0.592409;0.051619;,
  -0.012490;0.799393;0.032579;,
  -0.049979;0.000977;-0.045466;,
  0.059022;0.871779;0.002871;,
  0.053030;0.871468;0.011550;,
  0.061341;0.872588;0.008357;,
  0.063507;0.878233;0.006903;,
  -0.057827;0.752892;0.063757;,
  -0.042443;0.743043;0.034571;,
  -0.046931;0.744777;0.018094;,
  -0.042765;0.756780;-0.008440;,
  0.051812;0.864303;0.123465;,
  -0.024188;0.224720;-0.054461;,
  -0.028731;0.153870;-0.023589;,
  0.001310;0.157118;-0.042133;,
  -0.000443;0.231186;-0.065319;,
  -0.031524;0.275880;-0.077263;,
  -0.002401;0.283533;-0.087847;,
  -0.013090;0.368953;-0.075496;,
  0.003848;0.370799;-0.082185;,
  -0.003310;0.457597;-0.078091;,
  0.008772;0.456642;-0.081537;,
  0.010824;0.501342;-0.075651;,
  -0.028625;0.507544;-0.058665;,
  -0.028464;0.085259;-0.000122;,
  0.001836;0.092849;-0.025957;,
  -0.001006;0.097214;0.109357;,
  -0.058692;0.099106;0.085157;,
  -0.073012;0.171721;0.073746;,
  -0.006267;0.167997;0.084007;,
  -0.076080;0.244478;0.057803;,
  -0.010313;0.234807;0.060188;,
  -0.010245;0.278428;0.044202;,
  -0.064709;0.278476;0.021992;,
  -0.078936;0.363423;0.041308;,
  0.005436;0.358924;0.047817;,
  0.025378;0.458056;0.051375;,
  -0.013463;0.452560;0.054915;,
  -0.042443;0.743043;0.034571;,
  -0.049951;0.463383;-0.059172;,
  -0.062375;0.364215;-0.058169;,
  -0.068192;0.265699;-0.060437;,
  -0.062912;0.213137;-0.019312;,
  -0.059347;0.144091;0.007350;,
  -0.055444;0.072209;0.037778;,
  0.108114;0.439778;0.015351;,
  0.119901;0.359175;0.005501;,
  0.066258;0.452759;0.046199;,
  0.093405;0.275060;-0.009650;,
  0.113930;0.233969;0.015261;,
  0.110473;0.159857;0.022514;,
  0.091225;0.087119;0.031296;,
  -0.060911;0.441544;0.039260;;
  916;
  3;0,2,1;,
  3;2,0,3;,
  3;4,6,5;,
  3;6,4,7;,
  3;8,10,9;,
  3;10,8,11;,
  3;12,14,13;,
  3;14,12,15;,
  3;16,12,17;,
  3;12,16,15;,
  3;18,20,19;,
  3;20,18,16;,
  3;5,22,21;,
  3;22,5,6;,
  3;13,24,23;,
  3;24,13,14;,
  3;25,27,26;,
  3;27,25,28;,
  3;29,31,30;,
  3;31,29,32;,
  3;31,33,30;,
  3;33,31,34;,
  3;35,37,36;,
  3;37,35,38;,
  3;38,39,37;,
  3;39,38,40;,
  3;36,42,41;,
  3;42,36,37;,
  3;37,43,42;,
  3;43,37,39;,
  3;41,31,32;,
  3;31,41,42;,
  3;42,34,31;,
  3;34,42,43;,
  3;44,46,45;,
  3;46,44,47;,
  3;48,50,49;,
  3;50,48,51;,
  3;49,53,52;,
  3;53,49,50;,
  3;54,56,55;,
  3;56,54,57;,
  3;57,58,56;,
  3;58,57,59;,
  3;55,61,60;,
  3;61,55,56;,
  3;56,62,61;,
  3;62,56,58;,
  3;60,50,51;,
  3;50,60,61;,
  3;61,53,50;,
  3;53,61,62;,
  3;32,20,63;,
  3;20,32,29;,
  3;64,66,65;,
  3;66,64,19;,
  3;13,67,12;,
  3;67,13,68;,
  3;68,69,67;,
  3;69,68,70;,
  3;70,41,69;,
  3;41,70,36;,
  3;48,34,51;,
  3;34,48,33;,
  3;51,43,60;,
  3;43,51,34;,
  3;43,55,60;,
  3;55,43,39;,
  3;39,54,55;,
  3;54,39,40;,
  3;12,63,17;,
  3;63,12,67;,
  3;67,32,63;,
  3;32,67,69;,
  3;69,41,32;,
  3;71,72,25;,
  3;73,75,74;,
  3;75,73,76;,
  3;75,77,74;,
  3;77,75,78;,
  3;79,78,80;,
  3;78,79,77;,
  3;81,83,82;,
  3;83,85,84;,
  3;85,83,86;,
  3;87,89,88;,
  3;89,90,88;,
  3;90,89,91;,
  3;92,94,93;,
  3;92,88,94;,
  3;92,87,88;,
  3;88,95,94;,
  3;95,88,90;,
  3;96,94,83;,
  3;94,86,83;,
  3;86,94,95;,
  3;97,99,98;,
  3;99,97,100;,
  3;100,101,99;,
  3;101,100,102;,
  3;103,105,104;,
  3;105,103,106;,
  3;106,107,105;,
  3;107,106,108;,
  3;104,110,109;,
  3;110,104,105;,
  3;105,111,110;,
  3;111,105,107;,
  3;109,100,97;,
  3;100,109,110;,
  3;110,102,100;,
  3;102,110,111;,
  3;112,114,113;,
  3;114,112,115;,
  3;116,118,117;,
  3;118,116,119;,
  3;120,122,121;,
  3;122,120,123;,
  3;120,125,124;,
  3;125,120,121;,
  3;126,125,127;,
  3;125,126,124;,
  3;95,97,86;,
  3;97,95,109;,
  3;86,98,85;,
  3;98,86,97;,
  3;90,103,104;,
  3;103,90,91;,
  3;104,95,90;,
  3;95,104,109;,
  3;128,96,129;,
  3;96,128,93;,
  3;129,130,128;,
  3;130,129,131;,
  3;72,28,25;,
  3;28,72,132;,
  3;9,133,8;,
  3;134,136,135;,
  3;136,134,137;,
  3;81,137,134;,
  3;138,11,139;,
  3;138,10,11;,
  3;138,140,10;,
  3;141,11,142;,
  3;11,141,139;,
  3;128,130,143;,
  3;93,144,92;,
  3;93,143,144;,
  3;93,128,143;,
  3;145,87,146;,
  3;87,145,147;,
  3;74,148,73;,
  3;148,74,149;,
  3;150,147,145;,
  3;7,149,74;,
  3;148,151,73;,
  3;102,152,101;,
  3;152,102,126;,
  3;102,124,126;,
  3;124,102,111;,
  3;111,120,124;,
  3;120,111,107;,
  3;120,108,123;,
  3;108,120,107;,
  3;8,154,153;,
  3;154,8,133;,
  3;153,155,8;,
  3;155,153,156;,
  3;121,113,114;,
  3;113,121,122;,
  3;122,112,113;,
  3;112,122,157;,
  3;158,125,159;,
  3;125,158,127;,
  3;159,121,114;,
  3;121,159,125;,
  3;126,160,152;,
  3;160,126,161;,
  3;162,122,123;,
  3;122,162,163;,
  3;122,164,157;,
  3;164,122,163;,
  3;165,126,127;,
  3;126,165,161;,
  3;161,166,160;,
  3;166,161,167;,
  3;162,117,163;,
  3;117,162,116;,
  3;163,118,164;,
  3;118,163,117;,
  3;165,167,161;,
  3;167,165,168;,
  3;169,171,170;,
  3;171,169,172;,
  3;173,175,174;,
  3;175,173,176;,
  3;177,179,178;,
  3;179,177,173;,
  3;180,179,181;,
  3;179,180,182;,
  3;183,169,170;,
  3;169,183,184;,
  3;175,186,185;,
  3;186,175,176;,
  3;45,187,44;,
  3;187,45,188;,
  3;180,169,182;,
  3;169,180,172;,
  3;19,29,66;,
  3;20,29,19;,
  3;29,30,189;,
  3;30,190,189;,
  3;190,30,33;,
  3;33,191,190;,
  3;191,33,48;,
  3;191,49,192;,
  3;49,191,48;,
  3;192,52,193;,
  3;52,192,49;,
  3;194,170,186;,
  3;170,194,183;,
  3;170,185,186;,
  3;185,170,171;,
  3;186,176,194;,
  3;194,173,177;,
  3;173,194,176;,
  3;179,174,181;,
  3;174,179,173;,
  3;178,182,184;,
  3;182,178,179;,
  3;182,169,184;,
  3;16,17,20;,
  3;17,63,20;,
  3;66,195,65;,
  3;196,198,197;,
  3;198,196,199;,
  3;200,153,154;,
  3;153,200,201;,
  3;202,204,203;,
  3;205,207,206;,
  3;196,209,208;,
  3;209,196,197;,
  3;210,208,211;,
  3;208,210,196;,
  3;212,214,213;,
  3;214,212,215;,
  3;212,213,211;,
  3;201,217,216;,
  3;217,201,200;,
  3;218,220,219;,
  3;220,218,216;,
  3;210,199,196;,
  3;214,205,206;,
  3;221,223,222;,
  3;197,198,224;,
  3;224,226,225;,
  3;226,224,198;,
  3;227,214,206;,
  3;228,229,213;,
  3;229,228,230;,
  3;219,232,231;,
  3;214,228,213;,
  3;156,201,233;,
  3;201,156,153;,
  3;233,216,218;,
  3;216,233,201;,
  3;220,216,234;,
  3;235,220,234;,
  3;236,238,237;,
  3;238,236,239;,
  3;208,240,211;,
  3;240,208,241;,
  3;211,242,212;,
  3;242,211,240;,
  3;243,239,244;,
  3;239,243,238;,
  3;244,236,245;,
  3;236,244,239;,
  3;246,221,222;,
  3;221,246,215;,
  3;221,212,247;,
  3;212,221,215;,
  3;199,248,1;,
  3;248,199,249;,
  3;133,9,250;,
  3;249,210,251;,
  3;210,249,199;,
  3;210,211,251;,
  3;252,2,253;,
  3;2,252,1;,
  3;19,254,18;,
  3;254,19,64;,
  3;23,68,13;,
  3;68,23,255;,
  3;68,256,70;,
  3;256,68,255;,
  3;256,36,70;,
  3;36,256,257;,
  3;258,1,252;,
  3;1,258,199;,
  3;257,259,36;,
  3;36,259,35;,
  3;260,203,261;,
  3;203,260,202;,
  3;262,263,222;,
  3;263,262,264;,
  3;198,258,226;,
  3;258,198,199;,
  3;265,204,227;,
  3;265,206,266;,
  3;206,265,227;,
  3;222,267,246;,
  3;267,222,263;,
  3;89,87,147;,
  3;82,83,84;,
  3;78,16,18;,
  3;16,78,75;,
  3;75,15,16;,
  3;15,75,76;,
  3;15,71,14;,
  3;71,15,76;,
  3;14,268,24;,
  3;268,14,71;,
  3;248,269,1;,
  3;1,269,0;,
  3;135,129,134;,
  3;129,135,131;,
  3;134,96,81;,
  3;96,134,129;,
  3;96,83,81;,
  3;94,96,93;,
  3;29,189,66;,
  3;205,215,246;,
  3;267,205,246;,
  3;205,267,207;,
  3;205,214,215;,
  3;187,188,270;,
  3;224,272,271;,
  3;223,221,209;,
  3;224,223,197;,
  3;271,273,262;,
  3;273,271,272;,
  3;263,275,274;,
  3;273,276,262;,
  3;277,272,278;,
  3;272,277,273;,
  3;223,271,262;,
  3;271,223,224;,
  3;223,209,197;,
  3;208,221,247;,
  3;221,208,209;,
  3;222,223,262;,
  3;266,207,279;,
  3;207,266,206;,
  3;207,280,279;,
  3;280,207,267;,
  3;280,263,274;,
  3;263,280,267;,
  3;264,262,276;,
  3;76,73,72;,
  3;138,281,140;,
  3;73,132,72;,
  3;132,73,151;,
  3;72,71,76;,
  3;272,225,278;,
  3;155,11,8;,
  3;276,277,282;,
  3;277,276,273;,
  3;275,276,282;,
  3;276,275,264;,
  3;28,141,27;,
  3;141,28,139;,
  3;139,132,138;,
  3;132,139,28;,
  3;132,281,138;,
  3;281,132,151;,
  3;281,148,283;,
  3;148,281,151;,
  3;283,149,284;,
  3;149,283,148;,
  3;7,284,149;,
  3;284,7,4;,
  3;6,79,22;,
  3;79,6,77;,
  3;77,7,74;,
  3;7,77,6;,
  3;5,3,4;,
  3;3,5,2;,
  3;285,137,82;,
  3;137,285,136;,
  3;137,81,82;,
  3;92,146,87;,
  3;146,92,144;,
  3;2,21,253;,
  3;21,2,5;,
  3;286,213,229;,
  3;251,211,286;,
  3;213,286,211;,
  3;234,216,217;,
  3;227,202,228;,
  3;202,230,228;,
  3;230,202,260;,
  3;232,220,235;,
  3;228,214,227;,
  3;26,71,25;,
  3;71,26,268;,
  3;155,142,11;,
  3;18,80,78;,
  3;80,18,254;,
  3;272,224,225;,
  3;275,263,264;,
  3;202,227,204;,
  3;232,219,220;,
  3;287,289,288;,
  3;289,287,290;,
  3;291,288,292;,
  3;288,291,287;,
  3;293,292,294;,
  3;292,293,291;,
  3;295,294,296;,
  3;294,295,293;,
  3;296,297,295;,
  3;298,290,299;,
  3;290,298,289;,
  3;300,302,301;,
  3;302,300,303;,
  3;304,300,305;,
  3;300,304,303;,
  3;306,305,307;,
  3;305,306,304;,
  3;308,306,307;,
  3;306,308,309;,
  3;308,310,309;,
  3;145,146,311;,
  3;312,314,313;,
  3;314,312,315;,
  3;316,318,317;,
  3;318,316,319;,
  3;320,322,321;,
  3;322,320,323;,
  3;324,326,325;,
  3;326,324,327;,
  3;328,324,325;,
  3;324,328,329;,
  3;330,331,328;,
  3;331,330,332;,
  3;319,22,318;,
  3;22,319,21;,
  3;327,333,326;,
  3;333,327,334;,
  3;335,337,336;,
  3;337,335,338;,
  3;339,341,340;,
  3;341,339,342;,
  3;341,344,343;,
  3;344,341,342;,
  3;345,347,346;,
  3;347,345,348;,
  3;346,350,349;,
  3;350,346,347;,
  3;348,351,347;,
  3;351,348,352;,
  3;347,353,350;,
  3;353,347,351;,
  3;352,341,351;,
  3;341,352,340;,
  3;351,343,353;,
  3;343,351,341;,
  3;354,356,355;,
  3;356,354,357;,
  3;358,360,359;,
  3;360,358,361;,
  3;361,362,360;,
  3;362,361,363;,
  3;364,366,365;,
  3;366,364,367;,
  3;365,369,368;,
  3;369,365,366;,
  3;367,370,366;,
  3;370,367,371;,
  3;366,372,369;,
  3;372,366,370;,
  3;371,360,370;,
  3;360,371,359;,
  3;370,362,372;,
  3;362,370,360;,
  3;340,331,339;,
  3;331,340,373;,
  3;64,374,332;,
  3;374,64,65;,
  3;327,376,375;,
  3;376,327,324;,
  3;375,378,377;,
  3;378,375,376;,
  3;377,352,348;,
  3;352,377,378;,
  3;358,343,344;,
  3;343,358,359;,
  3;359,353,343;,
  3;353,359,371;,
  3;353,367,350;,
  3;367,353,371;,
  3;350,364,349;,
  3;364,350,367;,
  3;324,373,376;,
  3;373,324,329;,
  3;376,340,378;,
  3;340,376,373;,
  3;378,340,352;,
  3;379,335,380;,
  3;381,383,382;,
