xof 0303txt 0032
template XSkinMeshHeader {
 <3cf169ce-ff7c-44ab-93c0-f78f62d172e2>
 WORD nMaxSkinWeightsPerVertex;
 WORD nMaxSkinWeightsPerFace;
 WORD nBones;
}

template VertexDuplicationIndices {
 <b8d65549-d7c9-4995-89cf-53a9a8b031e3>
 DWORD nIndices;
 DWORD nOriginalVertices;
 array DWORD indices[nIndices];
}

template SkinWeights {
 <6f0d123b-bad2-4167-a0d0-80224f25fabb>
 STRING transformNodeName;
 DWORD nWeights;
 array DWORD vertexIndices[nWeights];
 array FLOAT weights[nWeights];
 Matrix4x4 matrixOffset;
}

template AnimTicksPerSecond {
 <9e415a43-7ba6-4a73-8743-b73d47e88476>
 DWORD AnimTicksPerSecond;
}

template VertexElement {
 <f752461c-1e23-48f6-b9f8-8350850f336f>
 DWORD Type;
 DWORD Method;
 DWORD Usage;
 DWORD UsageIndex;
}

template DeclData {
 <bf22e553-292c-4781-9fea-62bd554bdd93>
 DWORD nElements;
 array VertexElement Elements[nElements];
 DWORD nDWords;
 array DWORD data[nDWords];
}


AnimTicksPerSecond {
 4800;
}

Frame Dummy01 {
 

 FrameTransformMatrix {
  1.000000,0.000000,0.000000,0.000000,0.000000,-0.000000,-1.000000,0.000000,0.000000,1.000000,-0.000000,0.000000,0.000000,0.000000,0.000000,1.000000;;
 }

 Frame Bip01 {
  

  FrameTransformMatrix {
   -0.007595,0.939779,-0.341700,0.000000,0.086824,0.341039,0.936031,0.000000,0.996195,-0.022559,-0.084185,0.000000,0.025979,0.101440,0.508122,1.000000;;
  }

  Frame Bip01_Pelvis {
   

   FrameTransformMatrix {
    -0.000000,1.000000,-0.000001,0.000000,0.063244,0.000001,0.997998,0.000000,0.997998,0.000000,-0.063244,0.000000,0.000000,0.000000,0.000000,1.000000;;
   }

   Frame Bip01_Spine {
    

    FrameTransformMatrix {
     0.965977,0.021294,0.257750,0.000000,0.000961,0.996303,-0.085910,0.000000,-0.258627,0.083234,0.962385,0.000000,0.051655,-0.000007,-0.000082,1.000000;;
    }

    Frame Bip01_Spine1 {
     

     FrameTransformMatrix {
      0.945755,-0.083334,0.314011,0.000000,0.246060,0.814856,-0.524847,0.000000,-0.212136,0.573643,0.791159,0.000000,0.106498,-0.000049,-0.000067,1.000000;;
     }

     Frame Bip01_Neck {
      

      FrameTransformMatrix {
       0.965926,-0.141585,0.216658,0.000000,0.141422,0.989815,0.016336,0.000000,-0.216764,0.014861,0.976111,0.000000,0.130510,-0.000000,0.004626,1.000000;;
      }

      Frame Bip01_Head {
       

       FrameTransformMatrix {
        0.594977,0.511287,-0.620151,0.000000,-0.048958,0.793202,0.606988,0.000000,0.802250,-0.330782,0.496969,0.000000,0.033674,0.000000,0.000000,1.000000;;
       }

       Frame Bip01_HeadNub {
        

        FrameTransformMatrix {
         1.000000,-0.000000,0.000000,0.000000,0.000000,1.000000,0.000000,0.000000,-0.000000,-0.000000,1.000000,0.000000,0.169824,0.000000,0.000000,1.000000;;
        }
       }
      }

      Frame Bip01_L_Clavicle {
       

       FrameTransformMatrix {
        -0.141585,0.989815,0.014858,0.000000,0.965753,0.141409,-0.217541,0.000000,-0.217426,-0.016451,-0.975938,0.000000,-0.026439,0.012081,0.000927,1.000000;;
       }

       Frame Bip01_L_UpperArm {
        

        FrameTransformMatrix {
         0.347218,-0.866964,0.357509,0.000000,0.872415,0.158781,-0.462256,0.000000,0.343994,0.472400,0.811484,0.000000,0.087086,0.000000,-0.000000,1.000000;;
        }

        Frame Bip01_L_Forearm {
         

         FrameTransformMatrix {
          0.519108,0.000000,-0.854708,0.000000,-0.000000,1.000000,0.000000,0.000000,0.854708,0.000000,0.519108,0.000000,0.137062,0.000000,-0.000000,1.000000;;
         }

         Frame Bip01_L_Hand {
          

          FrameTransformMatrix {
           0.997851,0.052396,-0.039347,0.000000,0.025228,0.246998,0.968688,0.000000,0.060474,-0.967598,0.245146,0.000000,0.137062,0.000000,0.000000,1.000000;;
          }

          Frame Bip01_L_Finger0 {
           

           FrameTransformMatrix {
            0.690342,-0.181728,0.700288,0.000000,0.558537,0.749101,-0.356210,0.000000,-0.459853,0.637043,0.618638,0.000000,0.057681,-0.023605,-0.000272,1.000000;;
           }

           Frame Bip01_L_Finger0Nub {
            

            FrameTransformMatrix {
             1.000000,0.000000,0.000000,0.000000,-0.000000,1.000000,0.000000,0.000000,0.000000,0.000000,1.000000,0.000000,0.029435,0.000000,0.000000,1.000000;;
            }
           }
          }

          Frame Bip01_L_Finger1 {
           

           FrameTransformMatrix {
            0.728079,-0.000546,0.685492,0.000000,-0.000000,1.000000,0.000796,0.000000,-0.685493,-0.000580,0.728079,0.000000,0.084102,0.000000,-0.000000,1.000000;;
           }

           Frame Bip01_L_Finger1Nub {
            

            FrameTransformMatrix {
             1.000000,0.000000,-0.000000,0.000000,0.000000,1.000000,0.000000,0.000000,0.000000,0.000000,1.000000,0.000000,0.047988,0.000000,0.000000,1.000000;;
            }
           }
          }
         }
        }
       }
      }

      Frame Bip01_R_Clavicle {
       

       FrameTransformMatrix {
        0.067518,-0.946512,-0.315526,0.000000,-0.965753,-0.141409,0.217541,0.000000,-0.250523,0.290032,-0.923645,0.000000,-0.021989,-0.019028,0.000460,1.000000;;
       }

       Frame Bip01_R_UpperArm {
        

        FrameTransformMatrix {
         0.489245,0.848370,0.202253,0.000000,-0.869827,0.491544,0.042260,0.000000,-0.063564,-0.196601,0.978421,0.000000,0.087086,-0.000000,0.000000,1.000000;;
        }

        Frame Bip01_R_Forearm {
         

         FrameTransformMatrix {
          0.783775,0.000000,-0.621045,0.000000,0.000000,1.000000,-0.000000,0.000000,0.621045,0.000000,0.783775,0.000000,0.137062,0.000000,-0.000000,1.000000;;
         }

         Frame Bip01_R_Hand {
          

          FrameTransformMatrix {
           0.990936,0.133588,-0.014137,0.000000,0.015583,-0.218840,-0.975636,0.000000,-0.133427,0.966573,-0.218938,0.000000,0.137062,-0.000000,0.000000,1.000000;;
          }

          Frame Bip01_R_Finger0 {
           

           FrameTransformMatrix {
            0.417774,-0.116941,0.900994,0.000000,-0.558537,0.749101,0.356210,0.000000,-0.716591,-0.652053,0.247639,0.000000,0.057681,0.023605,-0.000272,1.000000;;
           }

           Frame Bip01_R_Finger0Nub {
            

            FrameTransformMatrix {
             -1.000000,-0.000000,0.000000,0.000000,-0.000000,1.000000,-0.000000,0.000000,0.000000,-0.000000,-1.000000,0.000000,0.029435,0.000000,0.000000,1.000000;;
            }
           }
          }

          Frame Bip01_R_Finger1 {
           

           FrameTransformMatrix {
            0.352436,0.000745,0.935835,0.000000,0.000000,1.000000,-0.000796,0.000000,-0.935836,0.000281,0.352436,0.000000,0.084102,-0.000000,0.000000,1.000000;;
           }

           Frame Bip01_R_Finger1Nub {
            

            FrameTransformMatrix {
             -1.000000,0.000000,0.000000,0.000000,0.000000,1.000000,0.000000,0.000000,-0.000000,0.000000,-1.000000,0.000000,0.047988,-0.000000,0.000000,1.000000;;
            }
           }
          }
         }
        }
       }
      }
     }

     Frame Bip01_BackPack {
      

      FrameTransformMatrix {
       0.081023,-0.088037,-0.992817,0.000000,-0.064786,0.993520,-0.093387,0.000000,0.994605,0.071887,0.074794,0.000000,0.041174,-0.003810,-0.088357,1.000000;;
      }

      Frame Bip01_BackPackNub {
       

       FrameTransformMatrix {
        0.000796,0.000003,1.000000,0.000000,0.000000,-1.000000,0.000003,0.000000,1.000000,-0.000000,-0.000796,0.000000,0.053240,0.000000,0.000000,1.000000;;
       }
      }
     }
    }

    Frame Bip01_L_Thigh {
     

     FrameTransformMatrix {
      -0.147077,0.062273,0.987163,0.000000,-0.003356,-0.998042,0.062459,0.000000,0.989120,0.005874,0.146998,0.000000,-0.048701,0.054972,0.018035,1.000000;;
     }

     Frame Bip01_L_Calf {
      

      FrameTransformMatrix {
       0.477105,-0.000000,-0.878846,0.000000,0.000000,1.000000,0.000000,0.000000,0.878846,0.000000,0.477106,0.000000,0.237500,0.000000,0.000000,1.000000;;
      }

      Frame Bip01_L_Foot {
       

       FrameTransformMatrix {
        0.899522,-0.063748,0.432200,0.000000,0.041013,0.997250,0.061730,0.000000,-0.434947,-0.037802,0.899662,0.000000,0.206841,-0.000000,-0.000000,1.000000;;
       }

       Frame Bip01_L_Toe0 {
        

        FrameTransformMatrix {
         -0.000000,-0.000000,1.000000,0.000000,-0.087156,0.996195,0.000000,0.000000,-0.996195,-0.087156,-0.000000,0.000000,0.065373,0.000000,0.066450,1.000000;;
        }

        Frame Bip01_L_Toe0Nub {
         

         FrameTransformMatrix {
          -1.000000,0.000000,0.000000,0.000000,0.000000,1.000000,-0.000000,0.000000,0.000000,-0.000000,-1.000000,0.000000,0.006735,0.000000,0.000000,1.000000;;
         }
        }
       }
      }
     }
    }

    Frame Bip01_R_Thigh {
     

     FrameTransformMatrix {
      -0.994123,-0.006862,0.108039,0.000000,0.013281,-0.998181,0.058812,0.000000,0.107439,0.059902,0.992406,0.000000,-0.051053,-0.055071,0.008842,1.000000;;
     }

     Frame Bip01_R_Calf {
      

      FrameTransformMatrix {
       0.467066,0.000000,-0.884223,0.000000,0.000000,1.000000,-0.000000,0.000000,0.884223,-0.000000,0.467066,0.000000,0.237500,0.000000,-0.000000,1.000000;;
      }

      Frame Bip01_R_Foot {
       

       FrameTransformMatrix {
        0.951995,-0.077845,-0.296049,0.000000,0.098181,0.993679,0.054435,0.000000,0.289940,-0.080888,0.953620,0.000000,0.206841,-0.000000,0.000000,1.000000;;
       }

       Frame Bip01_R_Toe0 {
        

        FrameTransformMatrix {
         0.000000,-0.000000,1.000000,0.000000,0.000000,1.000000,0.000000,0.000000,-1.000000,0.000000,0.000000,0.000000,0.065373,0.000000,0.066450,1.000000;;
        }

        Frame Bip01_R_Toe0Nub {
         

         FrameTransformMatrix {
          1.000000,0.000000,-0.000000,0.000000,0.000000,1.000000,-0.000000,0.000000,0.000000,0.000000,1.000000,0.000000,0.006735,-0.000000,-0.000000,1.000000;;
         }
        }
       }
      }
     }
    }
   }

   Frame Bip01_DressFront {
    

    FrameTransformMatrix {
     -0.701480,-0.029811,0.712065,0.000000,0.247323,0.926852,0.282449,0.000000,-0.668399,0.374243,-0.642795,0.000000,-0.023068,-0.010326,0.081072,1.000000;;
    }

    Frame Bip01_DressFront02 {
     

     FrameTransformMatrix {
      0.912593,0.000001,0.408870,0.000000,-0.000001,1.000000,-0.000000,0.000000,-0.408870,-0.000000,0.912593,0.000000,0.183378,0.000000,-0.000120,1.000000;;
     }

     Frame Bip01_DressFrontNub {
      

      FrameTransformMatrix {
       0.000796,0.000003,1.000000,0.000000,0.000000,-1.000000,0.000003,0.000000,1.000000,0.000000,-0.000796,0.000000,0.165302,-0.000000,0.000000,1.000000;;
      }
     }
    }
   }

   Frame Bip01_DressBack {
    

    FrameTransformMatrix {
     -0.886023,0.038028,0.462080,0.000000,0.191625,0.937561,0.290274,0.000000,-0.422190,0.345735,-0.837988,0.000000,-0.047673,-0.000048,-0.078302,1.000000;;
    }

    Frame Bip01_DressBack02 {
     

     FrameTransformMatrix {
      0.720768,0.037192,0.692178,0.000000,-0.133379,0.987341,0.085836,0.000000,-0.680224,-0.154190,0.716604,0.000000,0.176233,0.000017,-0.000078,1.000000;;
     }

     Frame Bip01_DressBackNub {
      

      FrameTransformMatrix {
       0.000796,0.000003,1.000000,0.000000,0.000000,-1.000000,0.000003,0.000000,1.000000,-0.000000,-0.000796,0.000000,0.136508,0.000000,0.000000,1.000000;;
      }
     }
    }
   }
  }

  Frame Bip01_Prop1 {
   

   FrameTransformMatrix {
    -0.356682,0.164436,0.919640,0.000000,0.917047,-0.126283,0.378257,0.000000,0.178334,0.978271,-0.105752,0.000000,0.023864,-0.093950,-0.186184,1.000000;;
   }
  }

  Frame Bip01_Prop2 {
   

   FrameTransformMatrix {
    -0.075751,-0.902151,0.424718,0.000000,0.957248,-0.185049,-0.222335,0.000000,0.279173,0.389718,0.877600,0.000000,-0.114869,0.008120,0.137402,1.000000;;
   }
  }
 }
}

Frame Translation_Data {
 

 FrameTransformMatrix {
  -0.000000,0.000000,-1.000000,0.000000,-1.000000,-0.000000,0.000000,0.000000,-0.000000,1.000000,0.000000,0.000000,0.000000,-0.000000,0.000000,1.000000;;
 }
}

Frame Body {
 

 FrameTransformMatrix {
  1.000000,0.000000,0.000000,0.000000,0.000000,1.000000,0.000000,0.000000,0.000000,0.000000,1.000000,0.000000,0.000000,0.000000,0.000000,1.000000;;
 }

 Mesh Body {
  617;
  0.111839;0.722948;-0.262756;,
  0.069885;0.724668;-0.281738;,
  0.083959;0.698038;-0.265778;,
  0.123700;0.712787;-0.245177;,
  0.128711;0.702447;-0.229101;,
  0.100626;0.670879;-0.248365;,
  0.112068;0.648979;-0.225996;,
  0.130716;0.681771;-0.199534;,
  0.049622;0.761829;-0.277091;,
  0.086888;0.766687;-0.257505;,
  0.078295;0.785085;-0.231305;,
  0.048561;0.776741;-0.239398;,
  0.115824;0.558526;-0.084980;,
  0.076070;0.566657;-0.058981;,
  0.076924;0.579009;-0.069835;,
  0.109335;0.569633;-0.091728;,
  0.100929;0.549869;-0.143140;,
  0.112507;0.530523;-0.117759;,
  0.071095;0.536964;-0.168949;,
  0.063980;0.491316;-0.141663;,
  0.094317;0.503117;-0.134961;,
  0.067819;0.652240;-0.264544;,
  0.068191;0.625934;-0.243903;,
  0.033921;0.567022;-0.056189;,
  0.034066;0.581311;-0.068218;,
  0.069126;0.688983;-0.123263;,
  0.020348;0.682592;-0.130765;,
  0.007607;0.713978;-0.160324;,
  0.059216;0.731184;-0.149374;,
  0.084408;0.493683;-0.155051;,
  0.093438;0.435202;-0.232925;,
  0.128704;0.411317;-0.211917;,
  0.116830;0.472003;-0.127362;,
  0.094678;0.355854;-0.307900;,
  0.119600;0.338252;-0.269876;,
  0.036001;0.491408;-0.149887;,
  0.031438;0.437502;-0.073594;,
  0.043401;0.364830;-0.166142;,
  0.043702;0.419405;-0.218989;,
  0.062961;0.330130;-0.241915;,
  0.063465;0.341912;-0.277491;,
  0.108663;0.433835;-0.086602;,
  0.123344;0.365728;-0.166221;,
  0.103570;0.329908;-0.238062;,
  0.098082;0.071537;-0.220130;,
  0.054059;0.071257;-0.229453;,
  0.052765;0.062460;-0.181450;,
  0.087304;0.063152;-0.176792;,
  0.089645;0.285738;-0.282384;,
  0.082356;0.214102;-0.264890;,
  0.109101;0.216358;-0.233904;,
  0.118608;0.288404;-0.251256;,
  0.076982;0.139812;-0.244263;,
  0.093840;0.140471;-0.213849;,
  0.045272;0.275645;-0.259284;,
  0.043914;0.301592;-0.209972;,
  0.045798;0.236048;-0.203712;,
  0.050903;0.218854;-0.242602;,
  0.059532;0.153674;-0.195438;,
  0.058065;0.132611;-0.222682;,
  0.115971;0.304242;-0.204494;,
  0.107385;0.230471;-0.198076;,
  0.083637;0.157636;-0.193237;,
  0.116430;0.504599;-0.103287;,
  0.021708;0.484465;-0.148692;,
  0.019701;0.456874;-0.123774;,
  0.036001;0.491408;-0.149887;,
  0.121531;0.517735;-0.050513;,
  0.073396;0.529852;-0.025651;,
  0.109998;0.454792;-0.062482;,
  0.065753;0.465891;-0.036994;,
  0.073171;0.638880;-0.098602;,
  0.102992;0.683236;-0.128605;,
  0.118461;0.679099;-0.141443;,
  0.127494;0.649378;-0.181785;,
  0.107413;0.602263;-0.156018;,
  0.107318;0.627633;-0.114914;,
  0.105795;0.620890;-0.211428;,
  0.089431;0.582165;-0.178879;,
  0.050603;0.609324;-0.230392;,
  0.043147;0.572940;-0.185319;,
  0.154355;0.722088;-0.211710;,
  0.101533;0.714528;-0.218664;,
  0.165572;0.719653;-0.162383;,
  0.107892;0.703919;-0.158462;,
  0.116995;0.707971;-0.111421;,
  0.163977;0.720084;-0.113410;,
  0.086708;0.769761;-0.197654;,
  0.091394;0.766838;-0.146863;,
  0.107892;0.703919;-0.158462;,
  0.105318;0.751436;-0.088673;,
  0.116995;0.707971;-0.111421;,
  0.092799;0.779317;-0.197648;,
  0.137338;0.784586;-0.199343;,
  0.149131;0.782725;-0.151068;,
  0.152166;0.763476;-0.090476;,
  0.154253;0.751770;-0.207819;,
  0.171785;0.704043;-0.114666;,
  0.116683;0.688046;-0.111802;,
  0.138353;0.639557;-0.082453;,
  0.172808;0.651786;-0.085725;,
  0.147966;0.607608;-0.058034;,
  0.174773;0.609938;-0.058266;,
  0.116683;0.688046;-0.111802;,
  0.108762;0.722619;-0.059468;,
  0.139656;0.671815;-0.035212;,
  0.138353;0.639557;-0.082453;,
  0.153839;0.627696;-0.024659;,
  0.147966;0.607608;-0.058034;,
  0.163544;0.738602;-0.062377;,
  0.166039;0.681262;-0.038170;,
  0.171366;0.628270;-0.025478;,
  0.162768;0.492684;-0.009994;,
  0.151258;0.509680;-0.017902;,
  0.159815;0.544027;0.014744;,
  0.171081;0.526989;0.022086;,
  0.148131;0.528235;-0.039080;,
  0.153864;0.525112;-0.029959;,
  0.163093;0.521902;-0.035019;,
  0.154144;0.522005;-0.046899;,
  0.151361;0.594817;-0.006432;,
  0.170557;0.565591;0.006731;,
  0.168500;0.550634;-0.043838;,
  0.143137;0.573446;-0.050565;,
  0.187567;0.602006;-0.014732;,
  0.190030;0.561388;0.005630;,
  0.179708;0.580630;-0.061458;,
  0.188193;0.547736;-0.043312;,
  0.109078;0.781933;-0.248317;,
  0.128850;0.766044;-0.264156;,
  0.086888;0.766687;-0.257505;,
  0.097399;0.748239;-0.268105;,
  0.098785;0.734973;-0.152688;,
  0.072097;0.745125;-0.282733;,
  0.137984;0.739122;-0.261705;,
  0.111839;0.722948;-0.262756;,
  0.123700;0.712787;-0.245177;,
  0.137379;0.723710;-0.237712;,
  0.091881;0.773354;-0.191521;,
  0.049592;0.759606;-0.185157;,
  0.095995;0.774867;-0.196245;,
  -0.000568;0.733161;-0.197921;,
  0.012470;0.749795;-0.254136;,
  0.078295;0.785085;-0.231305;,
  0.095995;0.774867;-0.196245;,
  0.114394;0.718910;-0.209317;,
  0.101921;0.763484;-0.194318;,
  0.101533;0.714528;-0.218664;,
  0.114365;0.713718;-0.168966;,
  0.123077;0.687945;-0.189002;,
  0.128711;0.702447;-0.229101;,
  0.112257;0.727183;-0.160138;,
  0.143137;0.573446;-0.050565;,
  0.055223;0.760350;-0.296046;,
  0.069748;0.750321;-0.308804;,
  0.022828;0.753112;-0.285571;,
  0.029074;0.759878;-0.294442;,
  0.188193;0.547736;-0.043312;,
  0.162768;0.492684;-0.009994;,
  0.171081;0.526989;0.022086;,
  0.144693;0.546466;-0.046431;,
  0.163886;0.534454;-0.059013;,
  0.144693;0.546466;-0.046431;,
  0.157248;0.543056;-0.034283;,
  0.179518;0.540969;-0.044551;,
  0.179518;0.540969;-0.044551;,
  0.148131;0.528235;-0.039080;,
  0.154144;0.522005;-0.046899;,
  0.163093;0.521902;-0.035019;,
  0.113709;0.106882;-0.290262;,
  0.087671;0.110092;-0.331793;,
  0.090780;0.093161;-0.341940;,
  0.121149;0.087037;-0.300348;,
  0.049021;0.097165;-0.186428;,
  0.052765;0.062460;-0.181450;,
  0.054059;0.071257;-0.229453;,
  0.051941;0.096229;-0.227702;,
  0.059532;0.153674;-0.195438;,
  0.083637;0.157636;-0.193237;,
  0.090075;0.101027;-0.180546;,
  0.098082;0.071537;-0.220130;,
  0.087304;0.063152;-0.176792;,
  0.098010;0.106368;-0.216198;,
  0.076982;0.139812;-0.244263;,
  0.093840;0.140471;-0.213849;,
  0.054780;0.090610;-0.336688;,
  0.059177;0.104690;-0.326029;,
  0.121149;0.087037;-0.300348;,
  0.054780;0.090610;-0.336688;,
  0.043702;0.419405;-0.218989;,
  0.063465;0.341912;-0.277491;,
  0.045272;0.275645;-0.259284;,
  0.050903;0.218854;-0.242602;,
  0.058065;0.132611;-0.222682;,
  0.058065;0.132611;-0.222682;,
  0.022178;0.462106;-0.072098;,
  0.088581;0.736658;-0.326449;,
  0.079712;0.730538;-0.345009;,
  0.070240;0.725106;-0.342398;,
  0.067676;0.737060;-0.319994;,
  0.082569;0.760074;-0.306611;,
  0.075537;0.773941;-0.288150;,
  0.074298;0.872569;-0.361805;,
  0.055092;0.878774;-0.362828;,
  0.054018;0.861959;-0.387471;,
  0.082679;0.797871;-0.396424;,
  0.081493;0.827396;-0.393311;,
  0.065691;0.797123;-0.403027;,
  0.096297;0.763978;-0.327447;,
  0.087335;0.749328;-0.351739;,
  0.088004;0.749419;-0.319691;,
  0.100466;0.801206;-0.316466;,
  0.101810;0.807063;-0.340256;,
  0.104297;0.842126;-0.352465;,
  0.095452;0.835885;-0.378212;,
  0.097205;0.798450;-0.365694;,
  0.088126;0.820547;-0.282846;,
  0.098203;0.808001;-0.301266;,
  0.049244;0.826801;-0.272611;,
  0.053384;0.871113;-0.293801;,
  0.085944;0.864591;-0.303035;,
  0.095701;0.776356;-0.360680;,
  0.080869;0.768473;-0.382933;,
  0.077171;0.738255;-0.363803;,
  0.060542;0.713333;-0.371238;,
  0.040809;0.709941;-0.380159;,
  0.040637;0.711663;-0.359089;,
  0.078709;0.848316;-0.388124;,
  0.093007;0.860860;-0.359304;,
  0.100793;0.857339;-0.320920;,
  0.088822;0.873976;-0.332828;,
  0.055164;0.886070;-0.326145;,
  0.072136;0.881982;-0.327781;,
  0.045891;0.787047;-0.277358;,
  0.100793;0.857339;-0.320920;,
  0.088822;0.873976;-0.332828;,
  0.103591;0.794040;-0.328639;,
  0.100985;0.766131;-0.328476;,
  0.110030;0.795443;-0.315417;,
  0.108562;0.812901;-0.326855;,
  0.110030;0.795443;-0.315417;,
  0.100985;0.766131;-0.328476;,
  0.108562;0.812901;-0.326855;,
  0.101810;0.807063;-0.340256;,
  0.100199;0.782058;-0.342614;,
  0.096297;0.763978;-0.327447;,
  0.082522;0.790321;-0.386843;,
  0.100199;0.782058;-0.342614;,
  0.072097;0.745125;-0.282733;,
  0.069748;0.750321;-0.308804;,
  0.097399;0.748239;-0.268105;,
  0.082569;0.760074;-0.306611;,
  0.057062;0.693381;-0.292613;,
  0.061053;0.674887;-0.277822;,
  0.027502;0.537890;-0.170547;,
  0.031389;0.531748;-0.023418;,
  0.028208;0.498746;-0.014621;,
  0.025366;0.474548;-0.020285;,
  0.049878;0.709397;-0.331546;,
  0.022178;0.462106;-0.072098;,
  0.072136;0.881982;-0.327781;,
  0.055164;0.886070;-0.326145;,
  0.063908;0.743344;-0.381810;,
  0.058383;0.765128;-0.392615;,
  0.057734;0.755595;-0.391226;,
  0.053197;0.850583;-0.397953;,
  0.051300;0.826938;-0.407158;,
  0.062834;0.790103;-0.392442;,
  0.027575;0.636637;-0.101933;,
  0.097399;0.748239;-0.268105;,
  0.090780;0.093161;-0.341940;,
  0.062742;0.736972;-0.380481;,
  0.054930;0.734460;-0.387113;,
  0.055162;0.739800;-0.384364;,
  0.045675;0.761710;-0.406848;,
  0.044925;0.754892;-0.396188;,
  0.055257;0.742879;-0.389766;,
  0.043561;0.741011;-0.385100;,
  0.042976;0.733402;-0.389721;,
  0.048704;0.796375;-0.409630;,
  0.047883;0.787795;-0.404233;,
  0.101921;0.763484;-0.194318;,
  0.043889;0.743318;-0.393635;,
  0.101015;0.729888;-0.204469;,
  0.114394;0.718910;-0.209317;,
  0.128711;0.702447;-0.229101;,
  0.098203;0.808001;-0.301266;,
  0.089645;0.285738;-0.282384;,
  0.031012;0.266934;-0.279395;,
  0.039462;0.191096;-0.272158;,
  0.082356;0.214102;-0.264890;,
  0.094678;0.355854;-0.307900;,
  0.036790;0.340923;-0.285780;,
  0.093438;0.435202;-0.232925;,
  0.029255;0.415298;-0.223805;,
  0.084408;0.493683;-0.155051;,
  0.029942;0.486644;-0.172583;,
  0.063980;0.491316;-0.141663;,
  0.038046;0.119248;-0.269064;,
  0.076982;0.139812;-0.244263;,
  0.051285;0.231481;-0.157033;,
  0.051159;0.164245;-0.140397;,
  0.050885;0.204460;0.089820;,
  0.039572;0.252867;0.044839;,
  0.028458;0.294457;0.000349;,
  0.047020;0.302480;-0.195698;,
  0.020225;0.327935;-0.019693;,
  0.053116;0.321352;-0.217636;,
  0.040913;0.354658;-0.155458;,
  0.020068;0.397708;-0.036569;,
  0.026410;0.472604;-0.007438;,
  0.101015;0.729888;-0.204469;,
  -0.012689;0.668670;-0.302654;,
  -0.018935;0.648523;-0.292434;,
  0.028242;0.668730;-0.287373;,
  0.022891;0.699793;-0.299672;,
  -0.014012;0.627738;-0.284310;,
  -0.027396;0.622513;-0.247154;,
  0.017866;0.613674;-0.254367;,
  0.032112;0.634840;-0.274920;,
  0.001009;0.736018;-0.295497;,
  -0.029898;0.735469;-0.269807;,
  -0.051077;0.719470;-0.278911;,
  -0.028460;0.716846;-0.293789;,
  -0.049827;0.576134;-0.078825;,
  -0.042917;0.584886;-0.088540;,
  -0.008408;0.587558;-0.068047;,
  -0.007454;0.575536;-0.055878;,
  -0.040793;0.564067;-0.140171;,
  -0.054878;0.548315;-0.111539;,
  -0.015281;0.545617;-0.167140;,
  -0.044193;0.514104;-0.132035;,
  -0.017551;0.499982;-0.138634;,
  0.034066;0.581311;-0.068218;,
  0.033921;0.567022;-0.056189;,
  -0.026314;0.669989;-0.142423;,
  -0.040189;0.693929;-0.179313;,
  0.007607;0.713978;-0.160324;,
  0.020348;0.682592;-0.130765;,
  -0.031589;0.458470;-0.118116;,
  -0.067444;0.476045;-0.086931;,
  -0.082186;0.384924;-0.046149;,
  -0.042497;0.371553;-0.068544;,
  -0.080001;0.310824;0.011170;,
  -0.050331;0.279094;-0.010747;,
  0.016875;0.467587;-0.093160;,
  0.003367;0.382502;-0.042200;,
  -0.007805;0.420031;0.022902;,
  0.012026;0.483941;-0.012887;,
  -0.023553;0.305950;0.014689;,
  -0.027116;0.337458;0.034460;,
  -0.086579;0.417919;0.009415;,
  -0.065095;0.486185;-0.026496;,
  -0.067490;0.339977;0.029203;,
  -0.089888;0.342547;0.280474;,
  -0.085179;0.385500;0.266421;,
  -0.050322;0.385746;0.266315;,
  -0.044993;0.339627;0.281414;,
  -0.057252;0.287016;0.063373;,
  -0.087488;0.317030;0.063477;,
  -0.089717;0.316947;0.138157;,
  -0.061621;0.287105;0.137345;,
  -0.087364;0.317432;0.217343;,
  -0.068186;0.289043;0.219786;,
  -0.016422;0.308312;0.085369;,
  -0.031334;0.310784;0.142874;,
  -0.026328;0.352785;0.136168;,
  -0.014522;0.362411;0.072085;,
  -0.051087;0.315601;0.224740;,
  -0.053508;0.338685;0.206821;,
  -0.088306;0.355142;0.133170;,
  -0.085628;0.366277;0.059509;,
  -0.077374;0.338598;0.200904;,
  -0.063083;0.523681;-0.096617;,
  0.016875;0.467587;-0.093160;,
  -0.010128;0.538730;-0.022547;,
  -0.061426;0.537182;-0.043715;,
  -0.015876;0.502097;-0.010339;,
  -0.062518;0.495548;-0.028835;,
  -0.017338;0.633108;-0.109179;,
  -0.050515;0.652686;-0.159422;,
  -0.056104;0.644359;-0.176487;,
  -0.044172;0.617973;-0.132617;,
  -0.029555;0.593529;-0.172024;,
  -0.035203;0.617000;-0.214447;,
  -0.003811;0.576219;-0.189776;,
  0.006061;0.601042;-0.231449;,
  -0.083803;0.643487;-0.289627;,
  -0.116181;0.623704;-0.256082;,
  -0.034281;0.644458;-0.268595;,
  -0.139399;0.604045;-0.214419;,
  -0.098105;0.596517;-0.189960;,
  -0.065633;0.613953;-0.225425;,
  -0.046645;0.690934;-0.231193;,
  -0.065633;0.613953;-0.225425;,
  -0.074132;0.670924;-0.193058;,
  -0.098105;0.596517;-0.189960;,
  -0.107718;0.638925;-0.159008;,
  -0.054284;0.699228;-0.232323;,
  -0.124632;0.680906;-0.223942;,
  -0.092124;0.699867;-0.256450;,
  -0.148950;0.646402;-0.183286;,
  -0.093479;0.670046;-0.279769;,
  -0.147070;0.585155;-0.214659;,
  -0.158276;0.533522;-0.186770;,
  -0.128996;0.524578;-0.166517;,
  -0.099350;0.574357;-0.184550;,
  -0.170899;0.492145;-0.161236;,
  -0.147947;0.492193;-0.151469;,
  -0.099350;0.574357;-0.184550;,
  -0.128996;0.524578;-0.166517;,
  -0.155475;0.557369;-0.127818;,
  -0.120594;0.609933;-0.136923;,
  -0.147947;0.492193;-0.151469;,
  -0.166099;0.512277;-0.122910;,
  -0.177680;0.564293;-0.143726;,
  -0.168059;0.620784;-0.166841;,
  -0.184270;0.511268;-0.131592;,
  -0.143883;0.390402;-0.109549;,
  -0.162446;0.422513;-0.079560;,
  -0.161598;0.441214;-0.090547;,
  -0.142883;0.409075;-0.121133;,
  -0.142455;0.425087;-0.131196;,
  -0.144477;0.415028;-0.136750;,
  -0.154268;0.414639;-0.125560;,
  -0.147770;0.422605;-0.121635;,
  -0.154677;0.479857;-0.106163;,
  -0.144862;0.458456;-0.149955;,
  -0.168423;0.433901;-0.142826;,
  -0.171601;0.449478;-0.092503;,
  -0.190700;0.443795;-0.093509;,
  -0.191324;0.484147;-0.114529;,
  -0.181874;0.462672;-0.160914;,
  -0.187840;0.429528;-0.142227;,
  -0.057685;0.717299;-0.295735;,
  -0.054304;0.695545;-0.315947;,
  -0.019029;0.698560;-0.304611;,
  -0.028460;0.716846;-0.293789;,
  -0.064825;0.673654;-0.201964;,
  0.007267;0.710630;-0.307147;,
  -0.045852;0.669325;-0.314038;,
  -0.050212;0.652021;-0.294092;,
  -0.018935;0.648523;-0.292434;,
  -0.012689;0.668670;-0.302654;,
  -0.068271;0.688163;-0.251255;,
  -0.068437;0.687877;-0.257170;,
  -0.047145;0.708721;-0.222651;,
  -0.000568;0.733161;-0.197921;,
  0.012470;0.749795;-0.254136;,
  -0.051077;0.719470;-0.278911;,
  -0.068437;0.687877;-0.257170;,
  -0.032199;0.645442;-0.262974;,
  -0.034281;0.644458;-0.268595;,
  -0.064255;0.678207;-0.254522;,
  -0.032184;0.629755;-0.235764;,
  -0.052975;0.651001;-0.219366;,
  -0.014012;0.627738;-0.284310;,
  -0.064417;0.660968;-0.213349;,
  -0.144862;0.458456;-0.149955;,
  0.005771;0.733315;-0.317010;,
  0.007894;0.747770;-0.302117;,
  0.029074;0.759878;-0.294442;,
  0.022828;0.753112;-0.285571;,
  -0.187840;0.429528;-0.142227;,
  -0.143883;0.390402;-0.109549;,
  -0.162446;0.422513;-0.079560;,
  -0.156445;0.418481;-0.152288;,
  -0.145258;0.440265;-0.143844;,
  -0.145258;0.440265;-0.143844;,
  -0.157117;0.435611;-0.131413;,
  -0.175231;0.421854;-0.140813;,
  -0.175231;0.421854;-0.140813;,
  -0.144477;0.415028;-0.136750;,
  -0.142455;0.425087;-0.131196;,
  -0.154268;0.414639;-0.125560;,
  -0.096129;0.262793;0.283965;,
  -0.101689;0.262694;0.306769;,
  -0.065875;0.227068;0.318506;,
  -0.064554;0.228121;0.298595;,
  -0.046576;0.365185;0.237916;,
  -0.043621;0.329405;0.258506;,
  -0.044993;0.339627;0.281414;,
  -0.050322;0.385746;0.266315;,
  -0.053508;0.338685;0.206821;,
  -0.088116;0.363734;0.235213;,
  -0.077374;0.338598;0.200904;,
  -0.089888;0.342547;0.280474;,
  -0.091038;0.329254;0.248061;,
  -0.085179;0.385500;0.266421;,
  -0.068186;0.289043;0.219786;,
  -0.087364;0.317432;0.217343;,
  -0.037061;0.238998;0.298202;,
  -0.030935;0.236992;0.315221;,
  -0.030935;0.236992;0.315221;,
  -0.101689;0.262694;0.306769;,
  0.003367;0.382502;-0.042200;,
  -0.023553;0.305950;0.014689;,
  -0.016422;0.308312;0.085369;,
  -0.031334;0.310784;0.142874;,
  -0.051087;0.315601;0.224740;,
  -0.051087;0.315601;0.224740;,
  -0.003288;0.744573;-0.327845;,
  0.018118;0.723887;-0.326351;,
  0.013280;0.730014;-0.343263;,
  0.004959;0.736979;-0.346144;,
  0.006039;0.766667;-0.307773;,
  0.014779;0.779176;-0.289073;,
  0.035086;0.875947;-0.362400;,
  0.055092;0.878774;-0.362828;,
  0.015103;0.803693;-0.397451;,
  0.031904;0.800034;-0.403541;,
  0.021225;0.832588;-0.394227;,
  0.000869;0.756778;-0.353053;,
  -0.006184;0.772808;-0.329004;,
  -0.000741;0.757065;-0.321039;,
  -0.004255;0.810228;-0.318057;,
  -0.003859;0.816167;-0.341861;,
  -0.000030;0.806827;-0.367171;,
  0.008476;0.843378;-0.379533;,
  0.000055;0.851108;-0.354048;,
  -0.001323;0.816576;-0.302778;,
  0.010192;0.827261;-0.284030;,
  0.049244;0.826801;-0.272611;,
  0.020482;0.870231;-0.304029;,
  0.053384;0.871113;-0.293801;,
  -0.002478;0.784815;-0.362171;,
  0.009348;0.744099;-0.364834;,
  0.011450;0.774454;-0.383988;,
  0.021687;0.716680;-0.371828;,
  0.027389;0.852738;-0.388904;,
  0.014584;0.867617;-0.360496;,
  0.020150;0.879892;-0.333871;,
  0.005157;0.865579;-0.322373;,
  0.037799;0.884940;-0.328303;,
  0.055164;0.886070;-0.326145;,
  0.045891;0.787047;-0.277358;,
  0.005157;0.865579;-0.322373;,
  0.020150;0.879892;-0.333871;,
  -0.014521;0.806174;-0.317309;,
  -0.010305;0.775719;-0.330167;,
  -0.008191;0.803671;-0.330337;,
  -0.009732;0.823093;-0.328652;,
  -0.010305;0.775719;-0.330167;,
  -0.014521;0.806174;-0.317309;,
  -0.009732;0.823093;-0.328652;,
  -0.003859;0.816167;-0.341861;,
  -0.006478;0.791250;-0.344235;,
  -0.006184;0.772808;-0.329004;,
  0.013677;0.796253;-0.387889;,
  -0.006478;0.791250;-0.344235;,
  0.005771;0.733315;-0.317010;,
  0.007267;0.710630;-0.307147;,
  -0.019029;0.698560;-0.304611;,
  0.006039;0.766667;-0.307773;,
  0.031389;0.531748;-0.023418;,
  0.028208;0.498746;-0.014621;,
  0.025366;0.474548;-0.020285;,
  0.022178;0.462106;-0.072098;,
  0.037799;0.884940;-0.328303;,
  0.055164;0.886070;-0.326145;,
  0.023823;0.746798;-0.382419;,
  0.032283;0.757788;-0.391612;,
  0.033315;0.767287;-0.392996;,
  0.033197;0.792657;-0.392892;,
  0.027575;0.636637;-0.101933;,
  -0.019029;0.698560;-0.304611;,
  -0.065875;0.227068;0.318506;,
  0.031306;0.736496;-0.387472;,
  0.023842;0.740324;-0.381072;,
  0.031907;0.741803;-0.384717;,
  0.032503;0.744840;-0.390112;,
  -0.064255;0.678207;-0.254522;,
  -0.035599;0.659441;-0.254861;,
  -0.032199;0.645442;-0.262974;,
  -0.014012;0.627738;-0.284310;,
  -0.001323;0.816576;-0.302778;,
  -0.023193;0.248549;-0.080970;,
  -0.032058;0.209974;-0.040427;,
  -0.002382;0.189825;-0.192139;,
  -0.000853;0.255572;-0.204322;,
  -0.023186;0.285172;-0.107452;,
  -0.001864;0.308179;-0.210713;,
  -0.002366;0.370465;-0.122522;,
  0.007106;0.383123;-0.183452;,
  0.010365;0.448611;-0.136854;,
  0.014915;0.458258;-0.160503;,
  0.021708;0.484465;-0.148692;,
  -0.017551;0.499982;-0.138634;,
  -0.035675;0.171285;-0.005495;,
  -0.004611;0.133148;-0.184862;,
  -0.021863;0.351747;0.208066;,
  -0.077360;0.338600;0.200904;,
  -0.088306;0.355142;0.133170;,
  -0.021098;0.358877;0.135806;,
  -0.085628;0.366277;0.059509;,
  -0.022227;0.377364;0.076296;,
  -0.020333;0.362467;0.051138;,
  -0.067490;0.339977;0.029203;,
  -0.086579;0.417919;0.009415;,
  -0.007590;0.428455;0.038242;,
  0.028208;0.498746;-0.014621;,
  -0.015876;0.502097;-0.010339;,
  -0.035599;0.659441;-0.254861;,
  -0.031589;0.458470;-0.118116;,
  -0.042497;0.371553;-0.068544;,
  -0.050331;0.279094;-0.010747;,
  -0.057252;0.287016;0.063373;,
  -0.061621;0.287105;0.137345;,
  -0.068186;0.289043;0.219786;,
  0.108663;0.433835;-0.086602;,
  0.123344;0.365728;-0.166221;,
  0.065753;0.465891;-0.036994;,
  0.103570;0.329908;-0.238062;,
  0.115971;0.304242;-0.204494;,
  0.107385;0.230471;-0.198076;,
  0.083637;0.157636;-0.193237;,
  -0.065095;0.486185;-0.026496;;
  916;
  3;0,2,1;,
  3;2,0,3;,
  3;4,6,5;,
  3;6,4,7;,
  3;8,10,9;,
  3;10,8,11;,
  3;12,14,13;,
  3;14,12,15;,
  3;16,12,17;,
  3;12,16,15;,
  3;18,20,19;,
  3;20,18,16;,
  3;5,22,21;,
  3;22,5,6;,
  3;13,24,23;,
  3;24,13,14;,
  3;25,27,26;,
  3;27,25,28;,
  3;29,31,30;,
  3;31,29,32;,
  3;31,33,30;,
  3;33,31,34;,
  3;35,37,36;,
  3;37,35,38;,
  3;38,39,37;,
  3;39,38,40;,
  3;36,42,41;,
  3;42,36,37;,
  3;37,43,42;,
  3;43,37,39;,
  3;41,31,32;,
  3;31,41,42;,
  3;42,34,31;,
  3;34,42,43;,
  3;44,46,45;,
  3;46,44,47;,
  3;48,50,49;,
  3;50,48,51;,
  3;49,53,52;,
  3;53,49,50;,
  3;54,56,55;,
  3;56,54,57;,
  3;57,58,56;,
  3;58,57,59;,
  3;55,61,60;,
  3;61,55,56;,
  3;56,62,61;,
  3;62,56,58;,
  3;60,50,51;,
  3;50,60,61;,
  3;61,53,50;,
  3;53,61,62;,
  3;32,20,63;,
  3;20,32,29;,
  3;64,66,65;,
  3;66,64,19;,
  3;13,67,12;,
  3;67,13,68;,
  3;68,69,67;,
  3;69,68,70;,
  3;70,41,69;,
  3;41,70,36;,
  3;48,34,51;,
  3;34,48,33;,
  3;51,43,60;,
  3;43,51,34;,
  3;43,55,60;,
  3;55,43,39;,
  3;39,54,55;,
  3;54,39,40;,
  3;12,63,17;,
  3;63,12,67;,
  3;67,32,63;,
  3;32,67,69;,
  3;69,41,32;,
  3;71,72,25;,
  3;73,75,74;,
  3;75,73,76;,
  3;75,77,74;,
  3;77,75,78;,
  3;79,78,80;,
  3;78,79,77;,
  3;81,83,82;,
  3;83,85,84;,
  3;85,83,86;,
  3;87,89,88;,
  3;89,90,88;,
  3;90,89,91;,
  3;92,94,93;,
  3;92,88,94;,
  3;92,87,88;,
  3;88,95,94;,
  3;95,88,90;,
  3;96,94,83;,
  3;94,86,83;,
  3;86,94,95;,
  3;97,99,98;,
  3;99,97,100;,
  3;100,101,99;,
  3;101,100,102;,
  3;103,105,104;,
  3;105,103,106;,
  3;106,107,105;,
  3;107,106,108;,
  3;104,110,109;,
  3;110,104,105;,
  3;105,111,110;,
  3;111,105,107;,
  3;109,100,97;,
  3;100,109,110;,
  3;110,102,100;,
  3;102,110,111;,
  3;112,114,113;,
  3;114,112,115;,
  3;116,118,117;,
  3;118,116,119;,
  3;120,122,121;,
  3;122,120,123;,
  3;120,125,124;,
  3;125,120,121;,
  3;126,125,127;,
  3;125,126,124;,
  3;95,97,86;,
  3;97,95,109;,
  3;86,98,85;,
  3;98,86,97;,
  3;90,103,104;,
  3;103,90,91;,
  3;104,95,90;,
  3;95,104,109;,
  3;128,96,129;,
  3;96,128,93;,
  3;129,130,128;,
  3;130,129,131;,
  3;72,28,25;,
  3;28,72,132;,
  3;9,133,8;,
  3;134,136,135;,
  3;136,134,137;,
  3;81,137,134;,
  3;138,11,139;,
  3;138,10,11;,
  3;138,140,10;,
  3;141,11,142;,
  3;11,141,139;,
  3;128,130,143;,
  3;93,144,92;,
  3;93,143,144;,
  3;93,128,143;,
  3;145,87,146;,
  3;87,145,147;,
  3;74,148,73;,
  3;148,74,149;,
  3;150,147,145;,
  3;7,149,74;,
  3;148,151,73;,
  3;102,152,101;,
  3;152,102,126;,
  3;102,124,126;,
  3;124,102,111;,
  3;111,120,124;,
  3;120,111,107;,
  3;120,108,123;,
  3;108,120,107;,
  3;8,154,153;,
  3;154,8,133;,
  3;153,155,8;,
  3;155,153,156;,
  3;121,113,114;,
  3;113,121,122;,
  3;122,112,113;,
  3;112,122,157;,
  3;158,125,159;,
  3;125,158,127;,
  3;159,121,114;,
  3;121,159,125;,
  3;126,160,152;,
  3;160,126,161;,
  3;162,122,123;,
  3;122,162,163;,
  3;122,164,157;,
  3;164,122,163;,
  3;165,126,127;,
  3;126,165,161;,
  3;161,166,160;,
  3;166,161,167;,
  3;162,117,163;,
  3;117,162,116;,
  3;163,118,164;,
  3;118,163,117;,
  3;165,167,161;,
  3;167,165,168;,
  3;169,171,170;,
  3;171,169,172;,
  3;173,175,174;,
  3;175,173,176;,
  3;177,179,178;,
  3;179,177,173;,
  3;180,179,181;,
  3;179,180,182;,
  3;183,169,170;,
  3;169,183,184;,
  3;175,186,185;,
  3;186,175,176;,
  3;45,187,44;,
  3;187,45,188;,
  3;180,169,182;,
  3;169,180,172;,
  3;19,29,66;,
  3;20,29,19;,
  3;29,30,189;,
  3;30,190,189;,
  3;190,30,33;,
  3;33,191,190;,
  3;191,33,48;,
  3;191,49,192;,
  3;49,191,48;,
  3;192,52,193;,
  3;52,192,49;,
  3;194,170,186;,
  3;170,194,183;,
  3;170,185,186;,
  3;185,170,171;,
  3;186,176,194;,
  3;194,173,177;,
  3;173,194,176;,
  3;179,174,181;,
  3;174,179,173;,
  3;178,182,184;,
  3;182,178,179;,
  3;182,169,184;,
  3;16,17,20;,
  3;17,63,20;,
  3;66,195,65;,
  3;196,198,197;,
  3;198,196,199;,
  3;200,153,154;,
  3;153,200,201;,
  3;202,204,203;,
  3;205,207,206;,
  3;196,209,208;,
  3;209,196,197;,
  3;210,208,211;,
  3;208,210,196;,
  3;212,214,213;,
  3;214,212,215;,
  3;212,213,211;,
  3;201,217,216;,
  3;217,201,200;,
  3;218,220,219;,
  3;220,218,216;,
  3;210,199,196;,
  3;214,205,206;,
  3;221,223,222;,
  3;197,198,224;,
  3;224,226,225;,
  3;226,224,198;,
  3;227,214,206;,
  3;228,229,213;,
  3;229,228,230;,
  3;219,232,231;,
  3;214,228,213;,
  3;156,201,233;,
  3;201,156,153;,
  3;233,216,218;,
  3;216,233,201;,
  3;220,216,234;,
  3;235,220,234;,
  3;236,238,237;,
  3;238,236,239;,
  3;208,240,211;,
  3;240,208,241;,
  3;211,242,212;,
  3;242,211,240;,
  3;243,236,244;,
  3;236,243,239;,
  3;244,237,245;,
  3;237,244,236;,
  3;246,221,222;,
  3;221,246,215;,
  3;221,212,247;,
  3;212,221,215;,
  3;199,248,1;,
  3;248,199,249;,
  3;133,9,250;,
  3;249,210,251;,
  3;210,249,199;,
  3;210,211,251;,
  3;252,2,253;,
  3;2,252,1;,
  3;19,254,18;,
  3;254,19,64;,
  3;23,68,13;,
  3;68,23,255;,
  3;68,256,70;,
  3;256,68,255;,
  3;256,36,70;,
  3;36,256,257;,
  3;258,1,252;,
  3;1,258,199;,
  3;257,259,36;,
  3;36,259,35;,
  3;260,203,261;,
  3;203,260,202;,
  3;262,263,222;,
  3;263,262,264;,
  3;198,258,226;,
  3;258,198,199;,
  3;265,204,227;,
  3;265,206,266;,
  3;206,265,227;,
  3;222,267,246;,
  3;267,222,263;,
  3;89,87,147;,
  3;82,83,84;,
  3;78,16,18;,
  3;16,78,75;,
  3;75,15,16;,
  3;15,75,76;,
  3;15,71,14;,
  3;71,15,76;,
  3;14,268,24;,
  3;268,14,71;,
  3;248,269,1;,
  3;1,269,0;,
  3;135,129,134;,
  3;129,135,131;,
  3;134,96,81;,
  3;96,134,129;,
  3;96,83,81;,
  3;94,96,93;,
  3;29,189,66;,
  3;205,215,246;,
  3;267,205,246;,
  3;205,267,207;,
  3;205,214,215;,
  3;187,188,270;,
  3;224,272,271;,
  3;223,221,209;,
  3;224,223,197;,
  3;271,273,262;,
  3;273,271,272;,
  3;263,275,274;,
  3;273,276,262;,
  3;277,272,278;,
  3;272,277,273;,
  3;223,271,262;,
  3;271,223,224;,
  3;223,209,197;,
  3;208,221,247;,
  3;221,208,209;,
  3;222,223,262;,
  3;266,207,279;,
  3;207,266,206;,
  3;207,280,279;,
  3;280,207,267;,
  3;280,263,274;,
  3;263,280,267;,
  3;264,262,276;,
  3;76,73,72;,
  3;138,281,140;,
  3;73,132,72;,
  3;132,73,151;,
  3;72,71,76;,
  3;272,225,278;,
  3;155,11,8;,
  3;276,277,282;,
  3;277,276,273;,
  3;275,276,282;,
  3;276,275,264;,
  3;28,141,27;,
  3;141,28,139;,
  3;139,132,138;,
  3;132,139,28;,
  3;132,281,138;,
  3;281,132,151;,
  3;281,148,283;,
  3;148,281,151;,
  3;283,149,284;,
  3;149,283,148;,
  3;7,284,149;,
  3;284,7,4;,
  3;6,79,22;,
  3;79,6,77;,
  3;77,7,74;,
  3;7,77,6;,
  3;5,3,4;,
  3;3,5,2;,
  3;285,137,82;,
  3;137,285,136;,
  3;137,81,82;,
  3;92,146,87;,
  3;146,92,144;,
  3;2,21,253;,
  3;21,2,5;,
  3;286,213,229;,
  3;251,211,286;,
  3;213,286,211;,
  3;234,216,217;,
  3;227,202,228;,
  3;202,230,228;,
  3;230,202,260;,
  3;232,220,235;,
  3;228,214,227;,
  3;26,71,25;,
  3;71,26,268;,
  3;155,142,11;,
  3;18,80,78;,
  3;80,18,254;,
  3;272,224,225;,
  3;275,263,264;,
  3;202,227,204;,
  3;232,219,220;,
  3;287,289,288;,
  3;289,287,290;,
  3;291,288,292;,
  3;288,291,287;,
  3;293,292,294;,
  3;292,293,291;,
  3;295,294,296;,
  3;294,295,293;,
  3;296,297,295;,
  3;298,290,299;,
  3;290,298,289;,
  3;300,302,301;,
  3;302,300,303;,
  3;304,300,305;,
  3;300,304,303;,
  3;306,305,307;,
  3;305,306,304;,
  3;308,306,307;,
  3;306,308,309;,
  3;308,310,309;,
  3;145,146,311;,
  3;312,314,313;,
  3;314,312,315;,
  3;316,318,317;,
  3;318,316,319;,
  3;320,322,321;,
  3;322,320,323;,
  3;324,326,325;,
  3;326,324,327;,
  3;328,324,325;,
  3;324,328,329;,
  3;330,331,328;,
  3;331,330,332;,
  3;319,22,318;,
  3;22,319,21;,
  3;327,333,326;,
  3;333,327,334;,
  3;335,337,336;,
  3;337,335,338;,
  3;339,341,340;,
  3;341,339,342;,
  3;341,344,343;,
  3;344,341,342;,
  3;345,347,346;,
  3;347,345,348;,
  3;346,350,349;,
  3;350,346,347;,
  3;348,351,347;,
  3;351,348,352;,
  3;347,353,350;,
  3;353,347,351;,
  3;352,341,351;,
  3;341,352,340;,
  3;351,343,353;,
  3;343,351,341;,
  3;354,356,355;,
  3;356,354,357;,
  3;358,360,359;,
  3;360,358,361;,
